   25.000000000000000        11.687763463179667     
   25.750000000000000        12.116307663401098     
   26.500000000000000        12.540357126391553     
   27.250000000000000        12.964406589382008     
   28.000000000000000        13.388456052372465     
   28.750000000000000        13.812505515362920     
   29.500000000000000        14.232207020607730     
   30.250000000000000        14.591037117413485     
   31.000000000000000        14.901730517373993     
   31.750000000000000        15.208985581845555     
   32.500000000000000        15.516240646317115     
   33.250000000000000        15.823495710788675     
   34.000000000000000        16.130750775260235     
   34.750000000000000        16.431654831240504     
   35.500000000000000        16.713323121727402     
   36.250000000000000        16.983483213289286     
   37.000000000000000        17.253643304851174     
   37.750000000000000        17.523803396413054     
   38.500000000000000        17.793963487974938     
   39.250000000000000        18.064123579536822     
   40.000000000000000        18.345808789970633     
   40.750000000000000        18.643001183139916     
   41.500000000000000        18.944864812930032     
   42.250000000000000        19.246728442720144     
   43.000000000000000        19.548592072510253     
   43.750000000000000        19.850455702300366     
   44.500000000000000        20.152319332090478     
   45.250000000000000        20.385047065941901     
   46.000000000000000        20.574396079706542     
   46.750000000000000        20.756035667868414     
   47.500000000000000        20.937675256030285     
   48.250000000000000        21.119314844192157     
   49.000000000000000        21.300954432354029     
   49.750000000000000        21.482594020515897     
   50.500000000000000        21.597872987744765     
   51.250000000000000        21.696209563254051     
   52.000000000000000        21.792097751337092     
   52.750000000000000        21.887985939420130     
   53.500000000000000        21.983874127503167     
   54.250000000000000        22.079790026678598     
   55.000000000000000        22.175833948683092     
   55.750000000000000        22.272118369120435     
   56.500000000000000        22.368402789557777     
   57.250000000000000        22.464687209995120     
   58.000000000000000        22.560971630432462     
   58.750000000000000        22.657256050869808     
   59.500000000000000        22.751475701444910     
   60.250000000000000        22.835721650897931     
   61.000000000000000        22.901057097946964     
   61.750000000000000        22.966392544995998     
   62.500000000000000        23.031727992045028     
   63.250000000000000        23.097063439094061     
   64.000000000000000        23.162398886143091     
   64.750000000000000        23.227734333192124     
   65.500000000000000        23.274628567357070     
   66.250000000000000        23.300231985635818     
   67.000000000000000        23.325405115877242     
   67.750000000000000        23.350578246118662     
   68.500000000000000        23.375751376360085     
   69.250000000000000        23.400924506601505     
   70.000000000000000        23.426996158527583     
   70.750000000000000        23.454059578151337     
   71.500000000000000        23.481506566413348     
   72.250000000000000        23.508953554675358     
   73.000000000000000        23.536400542937368     
   73.750000000000000        23.563847531199382     
   74.500000000000000        23.591294519461393     
   75.250000000000000        23.634077699696004     
   76.000000000000000        23.682995321559829     
   76.750000000000000        23.732856703674297     
   77.500000000000000        23.782718085788765     
   78.250000000000000        23.832579467903237     
   79.000000000000000        23.882440850017705     
   79.750000000000000        23.921447441236449     
   80.500000000000000        23.915589291083098     
   81.250000000000000        23.889493051880677     
   82.000000000000000        23.863396812678253     
   82.750000000000000        23.837300573475829     
   83.500000000000000        23.811204334273409     
   84.250000000000000        23.785460556054382     
   85.000000000000000        23.783045175035031     
   85.750000000000000        23.815159784774487     
   86.500000000000000        23.847274394513938     
   87.250000000000000        23.879389004253390     
   88.000000000000000        23.911503613992846     
   88.750000000000000        23.943618223732297     
   89.500000000000000        23.975732833471749     
   90.250000000000000        23.999385848793072     
   91.000000000000000        24.014861967561046     
   91.750000000000000        24.027439990777108     
   92.500000000000000        24.040018013993169     
   93.250000000000000        24.052596037209234     
   94.000000000000000        24.065174060425296     
   94.750000000000000        24.077752083641361     
   95.500000000000000        24.078781595742168     
   96.250000000000000        24.074600615954150     
   97.000000000000000        24.069257954111130     
   97.750000000000000        24.063915292268106     
   98.500000000000000        24.058572630425083     
   99.250000000000000        24.053229968582063     
   100.00000000000000        24.047887306739035     
