   25.000000000000000        16.934360381980035     
   25.750000000000000        17.481789386594002     
   26.500000000000000        18.017343389659249     
   27.250000000000000        18.552897392724496     
   28.000000000000000        19.088451395789743     
   28.750000000000000        19.624005398854990     
   29.500000000000000        20.156435006252654     
   30.250000000000000        20.645123074304156     
   31.000000000000000        21.080741567408797     
   31.750000000000000        21.512569376588658     
   32.500000000000000        21.944397185768519     
   33.250000000000000        22.376224994948384     
   34.000000000000000        22.808052804128245     
   34.750000000000000        23.217017127691765     
   35.500000000000000        23.556733134506860     
   36.250000000000000        23.855019887849402     
   37.000000000000000        24.153306641191943     
   37.750000000000000        24.451593394534484     
   38.500000000000000        24.749880147877025     
   39.250000000000000        25.048166901219570     
   40.000000000000000        25.341994922189844     
   40.750000000000000        25.628767459773840     
   41.500000000000000        25.911620418864761     
   42.250000000000000        26.194473377955678     
   43.000000000000000        26.477326337046595     
   43.750000000000000        26.760179296137515     
   44.500000000000000        27.043032255228432     
   45.250000000000000        27.301079941275262     
   46.000000000000000        27.540320651525384     
   46.750000000000000        27.773957564910177     
   47.500000000000000        28.007594478294973     
   48.250000000000000        28.241231391679761     
   49.000000000000000        28.474868305064554     
   49.750000000000000        28.702774654550115     
   50.500000000000000        28.904499293783037     
   51.250000000000000        29.102195977592476     
   52.000000000000000        29.299892661401909     
   52.750000000000000        29.497589345211345     
   53.500000000000000        29.695286029020785     
   54.250000000000000        29.892608762442080     
   55.000000000000000        30.087061509951937     
   55.750000000000000        30.262275676437717     
   56.500000000000000        30.437489842923497     
   57.250000000000000        30.612704009409271     
   58.000000000000000        30.787918175895047     
   58.750000000000000        30.963132342380828     
   59.500000000000000        31.132012882361973     
   60.250000000000000        31.284503086740266     
   61.000000000000000        31.418046077542293     
   61.750000000000000        31.551589068344324     
   62.500000000000000        31.685132059146351     
   63.250000000000000        31.818675049948379     
   64.000000000000000        31.952218040750406     
   64.750000000000000        32.082600361799287     
   65.500000000000000        32.203517765156676     
   66.250000000000000        32.316026249059533     
   67.000000000000000        32.428534732962390     
   67.750000000000000        32.541043216865241     
   68.500000000000000        32.653551700768098     
   69.250000000000000        32.766060184670955     
   70.000000000000000        32.878289001886259     
   70.750000000000000        32.974336301482971     
   71.500000000000000        33.062327800606333     
   72.250000000000000        33.150319299729695     
   73.000000000000000        33.238310798853057     
   73.750000000000000        33.326302297976419     
   74.500000000000000        33.414293797099781     
   75.250000000000000        33.501594608212855     
   76.000000000000000        33.588457685817119     
   76.750000000000000        33.675253419804633     
   77.500000000000000        33.762049153792148     
   78.250000000000000        33.848844887779663     
   79.000000000000000        33.935640621767185     
   79.750000000000000        34.020500068886335     
   80.500000000000000        34.097473771623143     
   81.250000000000000        34.172479117636286     
   82.000000000000000        34.247484463649428     
   82.750000000000000        34.322489809662571     
   83.500000000000000        34.397495155675713     
   84.250000000000000        34.472500501688863     
   85.000000000000000        34.525553916630258     
   85.750000000000000        34.535295094280066     
   86.500000000000000        34.516479335048935     
   87.250000000000000        34.497663575817796     
   88.000000000000000        34.478847816586658     
   88.750000000000000        34.460032057355519     
   89.500000000000000        34.441216298124381     
   90.250000000000000        34.451285424696287     
   91.000000000000000        34.482170834702615     
   91.750000000000000        34.514838750879292     
   92.500000000000000        34.547506667055970     
   93.250000000000000        34.580174583232640     
   94.000000000000000        34.612842499409325     
   94.750000000000000        34.645510415586003     
   95.500000000000000        34.650441657593035     
   96.250000000000000        34.640824716551933     
   97.000000000000000        34.627400768257964     
   97.750000000000000        34.613976819963995     
   98.500000000000000        34.600552871670025     
   99.250000000000000        34.587856476485769     
   100.00000000000000        34.579889176514612     
