   25.000000000000000        15.137128233944756     
   25.750000000000000        15.662371723034751     
   26.500000000000000        16.172523714475354     
   27.250000000000000        16.682675705915955     
   28.000000000000000        17.192827697356556     
   28.750000000000000        17.702979688797157     
   29.500000000000000        18.206748518771906     
   30.250000000000000        18.621153088224741     
   31.000000000000000        18.979070110512030     
   31.750000000000000        19.332952308001783     
   32.500000000000000        19.686834505491536     
   33.250000000000000        20.040716702981285     
   34.000000000000000        20.394598900471038     
   34.750000000000000        20.748386162773141     
   35.500000000000000        21.101264534762223     
   36.250000000000000        21.449932086195911     
   37.000000000000000        21.798599637629600     
   37.750000000000000        22.147267189063285     
   38.500000000000000        22.495934740496974     
   39.250000000000000        22.844602291930666     
   40.000000000000000        23.169022984086244     
   40.750000000000000        23.460094602558144     
   41.500000000000000        23.739889466298369     
   42.250000000000000        24.019684330038594     
   43.000000000000000        24.299479193778819     
   43.750000000000000        24.579274057519040     
   44.500000000000000        24.859068921259269     
   45.250000000000000        25.125918655616744     
   46.000000000000000        25.369236911254180     
   46.750000000000000        25.597628617116534     
   47.500000000000000        25.826020322978888     
   48.250000000000000        26.054412028841242     
   49.000000000000000        26.282803734703595     
   49.750000000000000        26.508885743447593     
   50.500000000000000        26.720262136226069     
   51.250000000000000        26.929376126548316     
   52.000000000000000        27.138490116870560     
   52.750000000000000        27.347604107192801     
   53.500000000000000        27.556718097515049     
   54.250000000000000        27.765832087837293     
   55.000000000000000        27.973252292020874     
   55.750000000000000        28.156959490263166     
   56.500000000000000        28.339855962788278     
   57.250000000000000        28.522694526333591     
   58.000000000000000        28.705533089878902     
   58.750000000000000        28.888371653424212     
   59.500000000000000        29.067029754641649     
   60.250000000000000        29.223579020085566     
   61.000000000000000        29.336573394254810     
   61.750000000000000        29.449567768424053     
   62.500000000000000        29.562562142593301     
   63.250000000000000        29.675556516762544     
   64.000000000000000        29.788550890931791     
   64.750000000000000        29.901545265101035     
   65.500000000000000        30.009855822264747     
   66.250000000000000        30.111830912214156     
   67.000000000000000        30.211840935176149     
   67.750000000000000        30.311850958138141     
   68.500000000000000        30.411860981100130     
   69.250000000000000        30.511871004062122     
   70.000000000000000        30.603412007051855     
   70.750000000000000        30.688635785678290     
   71.500000000000000        30.771759579619616     
   72.250000000000000        30.854883373560948     
   73.000000000000000        30.938007167502278     
   73.750000000000000        31.021130961443607     
   74.500000000000000        31.104254755384936     
   75.250000000000000        31.180981826650985     
   76.000000000000000        31.254615423117901     
   76.750000000000000        31.327773100384952     
   77.500000000000000        31.400930777652000     
   78.250000000000000        31.474088454919048     
   79.000000000000000        31.547246132186093     
   79.750000000000000        31.613033717927646     
   80.500000000000000        31.647288862883119     
   81.250000000000000        31.652814962261481     
   82.000000000000000        31.658341061639842     
   82.750000000000000        31.663867161018203     
   83.500000000000000        31.669393260396564     
   84.250000000000000        31.674919359774925     
   85.000000000000000        31.683825256645132     
   85.750000000000000        31.702252659752880     
   86.500000000000000        31.732922540359983     
   87.250000000000000        31.763592420967086     
   88.000000000000000        31.794262301574189     
   88.750000000000000        31.824932182181293     
   89.500000000000000        31.855602062788396     
   90.250000000000000        31.883118442472295     
   91.000000000000000        31.907681959097040     
   91.750000000000000        31.931273442452810     
   92.500000000000000        31.954864925808579     
   93.250000000000000        31.978456409164352     
   94.000000000000000        32.002047892520125     
   94.750000000000000        32.025639375875897     
   95.500000000000000        32.031769386911058     
   96.250000000000000        32.032357601229393     
   97.000000000000000        32.032357601229393     
   97.750000000000000        32.032357601229393     
   98.500000000000000        32.032357601229393     
   99.250000000000000        32.033163562444919     
   100.00000000000000        32.039208271561350     
