   25.000000000000000        24.779793345052017     
   25.750000000000000        25.565937658236798     
   26.500000000000000        26.324058258496333     
   27.250000000000000        27.082178858755867     
   28.000000000000000        27.840299459015402     
   28.750000000000000        28.598420059274936     
   29.500000000000000        29.354284230018923     
   30.250000000000000        30.078558387545289     
   31.000000000000000        30.756546945658823     
   31.750000000000000        31.431229389528578     
   32.500000000000000        32.105911833398338     
   33.250000000000000        32.780594277268094     
   34.000000000000000        33.455276721137857     
   34.750000000000000        34.066441375083073     
   35.500000000000000        34.497505161463984     
   36.250000000000000        34.893293803578132     
   37.000000000000000        35.289082445692280     
   37.750000000000000        35.684871087806435     
   38.500000000000000        36.080659729920576     
   39.250000000000000        36.476448372034731     
   40.000000000000000        36.863579435328752     
   40.750000000000000        37.238668142095555     
   41.500000000000000        37.609460887396786     
   42.250000000000000        37.980253632698016     
   43.000000000000000        38.351046377999232     
   43.750000000000000        38.721839123300462     
   44.500000000000000        39.092631868601686     
   45.250000000000000        39.458007364172175     
   46.000000000000000        39.818646795792446     
   46.750000000000000        40.177512218213479     
   47.500000000000000        40.536377640634505     
   48.250000000000000        40.895243063055538     
   49.000000000000000        41.254108485476571     
   49.750000000000000        41.610357466021973     
   50.500000000000000        41.887409722043223     
   51.250000000000000        42.152277866599228     
   52.000000000000000        42.417146011155232     
   52.750000000000000        42.682014155711236     
   53.500000000000000        42.946882300267234     
   54.250000000000000        43.211793223497899     
   55.000000000000000        43.477659988321825     
   55.750000000000000        43.754512929669858     
   56.500000000000000        44.031365871017897     
   57.250000000000000        44.308218812365922     
   58.000000000000000        44.585071753713954     
   58.750000000000000        44.861924695061994     
   59.500000000000000        45.134514757124805     
   60.250000000000000        45.390120304597765     
   61.000000000000000        45.616602814000167     
   61.750000000000000        45.843085323402583     
   62.500000000000000        46.069567832804992     
   63.250000000000000        46.296050342207401     
   64.000000000000000        46.522532851609810     
   64.750000000000000        46.737777621665018     
   65.500000000000000        46.929609139479545     
   66.250000000000000        47.103244741854979     
   67.000000000000000        47.276880344230420     
   67.750000000000000        47.450515946605861     
   68.500000000000000        47.624151548981295     
   69.250000000000000        47.797787151356737     
   70.000000000000000        47.957903160870750     
   70.750000000000000        48.079456658016177     
   71.500000000000000        48.183418848084983     
   72.250000000000000        48.287381038153782     
   73.000000000000000        48.391343228222581     
   73.750000000000000        48.495305418291387     
   74.500000000000000        48.599267608360186     
   75.250000000000000        48.733141639244067     
   76.000000000000000        48.889260343165461     
   76.750000000000000        49.048801304477244     
   77.500000000000000        49.208342265789028     
   78.250000000000000        49.367883227100805     
   79.000000000000000        49.527424188412596     
   79.750000000000000        49.676615723339431     
   80.500000000000000        49.778669385729415     
   81.250000000000000        49.800360710160156     
   82.000000000000000        49.822052034590897     
   82.750000000000000        49.843743359021630     
   83.500000000000000        49.865434683452371     
   84.250000000000000        49.887126007883104     
   85.000000000000000        49.924771658437969     
   85.750000000000000        49.992865491768448     
   86.500000000000000        50.078880232469835     
   87.250000000000000        50.164894973171222     
   88.000000000000000        50.250909713872609     
   88.750000000000000        50.336924454573996     
   89.500000000000000        50.422939195275376     
   90.250000000000000        50.492100072008235     
   91.000000000000000        50.547026225179678     
   91.750000000000000        50.598525162066480     
   92.500000000000000        50.650024098953267     
   93.250000000000000        50.701523035840061     
   94.000000000000000        50.753021972726863     
   94.750000000000000        50.804520909613657     
   95.500000000000000        50.798636395389821     
   96.250000000000000        50.762710268843065     
   97.000000000000000        50.718936267523681     
   97.750000000000000        50.675162266204296     
   98.500000000000000        50.631388264884905     
   99.250000000000000        50.587614263565520     
   100.00000000000000        50.543840262246135     
