   25.000000000000000        22.847793388462591     
   25.750000000000000        23.623696450291014     
   26.500000000000000        24.396096697268710     
   27.250000000000000        25.168496944246403     
   28.000000000000000        25.940897191224099     
   28.750000000000000        26.713297438201796     
   29.500000000000000        27.473765797805971     
   30.250000000000000        28.067187734180905     
   31.000000000000000        28.637441537614222     
   31.750000000000000        29.206040474408855     
   32.500000000000000        29.774639411203488     
   33.250000000000000        30.343238347998120     
   34.000000000000000        30.911837284792753     
   34.750000000000000        31.469889348680972     
   35.500000000000000        31.997635109044371     
   36.250000000000000        32.516915249698485     
   37.000000000000000        33.036195390352589     
   37.750000000000000        33.555475531006699     
   38.500000000000000        34.074755671660810     
   39.250000000000000        34.594035812314921     
   40.000000000000000        35.072720951673716     
   40.750000000000000        35.501265234328017     
   41.500000000000000        35.922316377962616     
   42.250000000000000        36.343367521597209     
   43.000000000000000        36.764418665231801     
   43.750000000000000        37.185469808866408     
   44.500000000000000        37.589544192024292     
   45.250000000000000        37.893942631900302     
   46.000000000000000        38.150625195194969     
   46.750000000000000        38.407307758489630     
   47.500000000000000        38.663990321784297     
   48.250000000000000        38.920672885078964     
   49.000000000000000        39.177355448373632     
   49.750000000000000        39.434038011668299     
   50.500000000000000        39.616217779277605     
   51.250000000000000        39.786905155717129     
   52.000000000000000        39.957581469391990     
   52.750000000000000        40.128257783066857     
   53.500000000000000        40.298934096741725     
   54.250000000000000        40.464861904072514     
   55.000000000000000        40.609909449637293     
   55.750000000000000        40.728549685746401     
   56.500000000000000        40.847189921855502     
   57.250000000000000        40.965830157964604     
   58.000000000000000        41.084470394073705     
   58.750000000000000        41.203110630182806     
   59.500000000000000        41.324528641517560     
   60.250000000000000        41.455035166495115     
   61.000000000000000        41.599076781184586     
   61.750000000000000        41.743118395874056     
   62.500000000000000        41.887160010563520     
   63.250000000000000        42.031201625253004     
   64.000000000000000        42.175243239942475     
   64.750000000000000        42.307567893732148     
   65.500000000000000        42.423564961574634     
   66.250000000000000        42.529829139496371     
   67.000000000000000        42.636093317418108     
   67.750000000000000        42.742357495339846     
   68.500000000000000        42.848621673261583     
   69.250000000000000        42.954885851183327     
   70.000000000000000        43.060725422368243     
   70.750000000000000        43.141997243090074     
   71.500000000000000        43.211038264422456     
   72.250000000000000        43.280079285754837     
   73.000000000000000        43.349120307087219     
   73.750000000000000        43.418161328419593     
   74.500000000000000        43.487202349751975     
   75.250000000000000        43.546305484148519     
   76.000000000000000        43.595734722504297     
   76.750000000000000        43.643675669161489     
   77.500000000000000        43.691616615818681     
   78.250000000000000        43.739557562475873     
   79.000000000000000        43.787498509133073     
   79.750000000000000        43.830406328153849     
   80.500000000000000        43.853050896370199     
   81.250000000000000        43.873865100963187     
   82.000000000000000        43.894679305556160     
   82.750000000000000        43.915493510149140     
   83.500000000000000        43.936307714742128     
   84.250000000000000        43.957121919335108     
   85.000000000000000        43.984483851611088     
   85.750000000000000        44.022771209856550     
   86.500000000000000        44.064094112825750     
   87.250000000000000        44.105417015794956     
   88.000000000000000        44.146739918764155     
   88.750000000000000        44.188062821733361     
   89.500000000000000        44.229385724702560     
   90.250000000000000        44.256661895322992     
   91.000000000000000        44.273109115330243     
   91.750000000000000        44.287882664045327     
   92.500000000000000        44.302656212760404     
   93.250000000000000        44.317429761475474     
   94.000000000000000        44.332203310190557     
   94.750000000000000        44.342897190207275     
   95.500000000000000        44.328889942174619     
   96.250000000000000        44.308780263356375     
   97.000000000000000        44.288670584538124     
   97.750000000000000        44.268560905719880     
   98.500000000000000        44.248451226901636     
   99.250000000000000        44.228341548083385     
   100.00000000000000        44.208231869265141     
