   25.000000000000000        30.351282467458073     
   25.750000000000000        31.236447389599206     
   26.500000000000000        32.059838734443574     
   27.250000000000000        32.883230079287941     
   28.000000000000000        33.706621424132308     
   28.750000000000000        34.530012768976668     
   29.500000000000000        35.350168404790622     
   30.250000000000000        36.125024114178849     
   31.000000000000000        36.809158351582894     
   31.750000000000000        37.486812483845235     
   32.500000000000000        38.164466616107561     
   33.250000000000000        38.842120748369886     
   34.000000000000000        39.519774880632212     
   34.750000000000000        40.181358279505105     
   35.500000000000000        40.789307188750897     
   36.250000000000000        41.335896274756841     
   37.000000000000000        41.882485360762786     
   37.750000000000000        42.429074446768723     
   38.500000000000000        42.975663532774668     
   39.250000000000000        43.522252618780612     
   40.000000000000000        44.010049084637757     
   40.750000000000000        44.420823692779166     
   41.500000000000000        44.811937717257806     
   42.250000000000000        45.203051741736431     
   43.000000000000000        45.594165766215070     
   43.750000000000000        45.985279790693703     
   44.500000000000000        46.376393815172335     
   45.250000000000000        46.742789224457525     
   46.000000000000000        47.088880083182694     
   46.750000000000000        47.428018854314971     
   47.500000000000000        47.767157625447247     
   48.250000000000000        48.106296396579523     
   49.000000000000000        48.445435167711800     
   49.750000000000000        48.784573938844076     
   50.500000000000000        49.126666805016448     
   51.250000000000000        49.469503988672592     
   52.000000000000000        49.812446569173751     
   52.750000000000000        50.155389149674910     
   53.500000000000000        50.498331730176062     
   54.250000000000000        50.841274310677221     
   55.000000000000000        51.178890677985976     
   55.750000000000000        51.441940060601183     
   56.500000000000000        51.679224101896011     
   57.250000000000000        51.914667761667957     
   58.000000000000000        52.150111421439902     
   58.750000000000000        52.385555081211848     
   59.500000000000000        52.622337848238288     
   60.250000000000000        52.864578898172631     
   61.000000000000000        53.116306408678874     
   61.750000000000000        53.368033919185102     
   62.500000000000000        53.619761429691337     
   63.250000000000000        53.871488940197580     
   64.000000000000000        54.123216450703815     
   64.750000000000000        54.356811208544279     
   65.500000000000000        54.541398097986018     
   66.250000000000000        54.683791425574583     
   67.000000000000000        54.826184753163140     
   67.750000000000000        54.968578080751698     
   68.500000000000000        55.110971408340255     
   69.250000000000000        55.253364735928820     
   70.000000000000000        55.395992498746359     
   70.750000000000000        55.555274032168960     
   71.500000000000000        55.722853146490472     
   72.250000000000000        55.890432260811984     
   73.000000000000000        56.058011375133496     
   73.750000000000000        56.225590489455008     
   74.500000000000000        56.393169603776521     
   75.250000000000000        56.508719603815216     
   76.000000000000000        56.592403599541171     
   76.750000000000000        56.671185133065151     
   77.500000000000000        56.749966666589145     
   78.250000000000000        56.828748200113139     
   79.000000000000000        56.907529733637126     
   79.750000000000000        56.984161752239068     
   80.500000000000000        57.051446829760046     
   81.250000000000000        57.108247567781795     
   82.000000000000000        57.165048305803545     
   82.750000000000000        57.221849043825301     
   83.500000000000000        57.278649781847065     
   84.250000000000000        57.335450519868814     
   85.000000000000000        57.383101418669781     
   85.750000000000000        57.409508042754268     
   86.500000000000000        57.415235998154117     
   87.250000000000000        57.420963953553972     
   88.000000000000000        57.426691908953806     
   88.750000000000000        57.432419864353655     
   89.500000000000000        57.438147819753496     
   90.250000000000000        57.450880039263510     
   91.000000000000000        57.474605015183535     
   91.750000000000000        57.505556559107241     
   92.500000000000000        57.536508103030961     
   93.250000000000000        57.567459646954667     
   94.000000000000000        57.598411190878373     
   94.750000000000000        57.629362734802086     
   95.500000000000000        57.644907818515222     
   96.250000000000000        57.634349135128723     
   97.000000000000000        57.612664375718737     
   97.750000000000000        57.590979616308758     
   98.500000000000000        57.569294856898779     
   99.250000000000000        57.547610097488800     
   100.00000000000000        57.525925338078821     
