   25.000000000000000        25.188976630907533     
   25.750000000000000        26.055271544943043     
   26.500000000000000        26.900922735212124     
   27.250000000000000        27.746573925481201     
   28.000000000000000        28.592225115750285     
   28.750000000000000        29.437876306019369     
   29.500000000000000        30.275687573861688     
   30.250000000000000        31.003739927729391     
   31.000000000000000        31.644422544107588     
   31.750000000000000        32.278864464950821     
   32.500000000000000        32.913306385794051     
   33.250000000000000        33.547748306637281     
   34.000000000000000        34.182190227480511     
   34.750000000000000        34.800791144252280     
   35.500000000000000        35.374446372400989     
   36.250000000000000        35.939112572277196     
   37.000000000000000        36.503778772153396     
   37.750000000000000        37.068444972029603     
   38.500000000000000        37.633111171905810     
   39.250000000000000        38.197777371782010     
   40.000000000000000        38.723660672038910     
   40.750000000000000        39.200943318099668     
   41.500000000000000        39.669671283469420     
   42.250000000000000        40.138399248839157     
   43.000000000000000        40.607127214208909     
   43.750000000000000        41.075855179578653     
   44.500000000000000        41.544583144948398     
   45.250000000000000        41.917459473625193     
   46.000000000000000        42.237262469598036     
   46.750000000000000        42.552561390508053     
   47.500000000000000        42.867860311418077     
   48.250000000000000        43.183159232328094     
   49.000000000000000        43.498458153238126     
   49.750000000000000        43.813757074148143     
   50.500000000000000        44.023689543092274     
   51.250000000000000        44.212915359278746     
   52.000000000000000        44.400506110236755     
   52.750000000000000        44.588096861194764     
   53.500000000000000        44.775687612152765     
   54.250000000000000        44.961515074045465     
   55.000000000000000        45.137794342695614     
   55.750000000000000        45.279143093607097     
   56.500000000000000        45.420491844518573     
   57.250000000000000        45.561840595430056     
   58.000000000000000        45.703189346341532     
   58.750000000000000        45.844538097253007     
   59.500000000000000        45.985886848164490     
   60.250000000000000        46.131560200830648     
   61.000000000000000        46.289816192968530     
   61.750000000000000        46.452557085307518     
   62.500000000000000        46.615297977646513     
   63.250000000000000        46.778038869985508     
   64.000000000000000        46.940779762324503     
   64.750000000000000        47.094897959952135     
   65.500000000000000        47.225711373389210     
   66.250000000000000        47.336460419912399     
   67.000000000000000        47.447209466435581     
   67.750000000000000        47.557958512958763     
   68.500000000000000        47.668707559481945     
   69.250000000000000        47.779456606005134     
   70.000000000000000        47.888793454492117     
   70.750000000000000        47.993954300380025     
   71.500000000000000        48.097203669722923     
   72.250000000000000        48.200453039065813     
   73.000000000000000        48.303702408408704     
   73.750000000000000        48.406951777751601     
   74.500000000000000        48.510201147094499     
   75.250000000000000        48.583759580038574     
   76.000000000000000        48.639133357710769     
   76.750000000000000        48.691709496110377     
   77.500000000000000        48.744285634509978     
   78.250000000000000        48.796861772909580     
   79.000000000000000        48.849437911309188     
   79.750000000000000        48.899639218602445     
   80.500000000000000        48.940022082356187     
   81.250000000000000        48.975937278511850     
   82.000000000000000        49.011852474667506     
   82.750000000000000        49.047767670823163     
   83.500000000000000        49.083682866978826     
   84.250000000000000        49.119598063134490     
   85.000000000000000        49.155476942522228     
   85.750000000000000        49.191277505302075     
   86.500000000000000        49.227012504077926     
   87.250000000000000        49.262747502853784     
   88.000000000000000        49.298482501629643     
   88.750000000000000        49.334217500405501     
   89.500000000000000        49.369952499181352     
   90.250000000000000        49.414837734666420     
   91.000000000000000        49.468291489203494     
   91.750000000000000        49.524566228021570     
   92.500000000000000        49.580840966839645     
   93.250000000000000        49.637115705657720     
   94.000000000000000        49.693390444475796     
   94.750000000000000        49.749665183293871     
   95.500000000000000        49.767279639343776     
   96.250000000000000        49.757536385999501     
   97.000000000000000        49.738946813304167     
   97.750000000000000        49.720357240608827     
   98.500000000000000        49.701767667913487     
   99.250000000000000        49.683200387951672     
   100.00000000000000        49.664778010757715     
