   25.000000000000000        30.901646854736363     
   25.750000000000000        31.878800398974764     
   26.500000000000000        32.770894280053625     
   27.250000000000000        33.654408867520694     
   28.000000000000000        34.537923454987762     
   28.750000000000000        35.421438042454838     
   29.500000000000000        36.304952629921900     
   30.250000000000000        37.188467217388968     
   31.000000000000000        37.987444351387509     
   31.750000000000000        38.765502136570063     
   32.500000000000000        39.539839681931994     
   33.250000000000000        40.314177227293925     
   34.000000000000000        41.088514772655856     
   34.750000000000000        41.855872982392498     
   35.500000000000000        42.588155837176402     
   36.250000000000000        43.217204509069290     
   37.000000000000000        43.846253180962179     
   37.750000000000000        44.475301852855068     
   38.500000000000000        45.104350524747957     
   39.250000000000000        45.733399196640846     
   40.000000000000000        46.258258767073087     
   40.750000000000000        46.631919456018629     
   41.500000000000000        46.941328899615073     
   42.250000000000000        47.250738343211509     
   43.000000000000000        47.560147786807953     
   43.750000000000000        47.869557230404396     
   44.500000000000000        48.178966674000833     
   45.250000000000000        48.527857878276699     
   46.000000000000000        48.948518485838378     
   46.750000000000000        49.414704050977896     
   47.500000000000000        49.880889616117408     
   48.250000000000000        50.347075181256926     
   49.000000000000000        50.813260746396438     
   49.750000000000000        51.279446311535956     
   50.500000000000000        51.598270864349672     
   51.250000000000000        51.860116433381428     
   52.000000000000000        52.109486344664532     
   52.750000000000000        52.358856255947636     
   53.500000000000000        52.608226167230740     
   54.250000000000000        52.857596078513843     
   55.000000000000000        53.108116529473307     
   55.750000000000000        53.374744535901769     
   56.500000000000000        53.645421662825385     
   57.250000000000000        53.916388012641505     
   58.000000000000000        54.187354362457640     
   58.750000000000000        54.458320712273768     
   59.500000000000000        54.728327924180434     
   60.250000000000000        54.980604032625948     
   61.000000000000000        55.188076050429807     
   61.750000000000000        55.395548068233659     
   62.500000000000000        55.603020086037510     
   63.250000000000000        55.810492103841362     
   64.000000000000000        56.017964121645221     
   64.750000000000000        56.219557659913605     
   65.500000000000000        56.408047448814344     
   66.250000000000000        56.586040365702885     
   67.000000000000000        56.764033282591427     
   67.750000000000000        56.942026199479969     
   68.500000000000000        57.120019116368518     
   69.250000000000000        57.298012033257059     
   70.000000000000000        57.476436666484673     
   70.750000000000000        57.659933265207378     
   71.500000000000000        57.845911882135248     
   72.250000000000000        58.031890499063124     
   73.000000000000000        58.217869115991000     
   73.750000000000000        58.403847732918869     
   74.500000000000000        58.589826349846746     
   75.250000000000000        58.714367794180880     
   76.000000000000000        58.826390886404802     
   76.750000000000000        58.936488078304066     
   77.500000000000000        59.046585270203337     
   78.250000000000000        59.156682462102609     
   79.000000000000000        59.266779654001887     
   79.750000000000000        59.374009038252794     
   80.500000000000000        59.467118543016312     
   81.250000000000000        59.523146963264701     
   82.000000000000000        59.579175383513089     
   82.750000000000000        59.635203803761485     
   83.500000000000000        59.691232224009866     
   84.250000000000000        59.747260644258255     
   85.000000000000000        59.792751482691251     
   85.750000000000000        59.813777194571202     
   86.500000000000000        59.810991333418812     
   87.250000000000000        59.808205472266408     
   88.000000000000000        59.805419611114012     
   88.750000000000000        59.802633749961622     
   89.500000000000000        59.799847888809218     
   90.250000000000000        59.827361192118062     
   91.000000000000000        59.931386353159510     
   91.750000000000000        60.099768559639173     
   92.500000000000000        60.268150766118843     
   93.250000000000000        60.436532972598506     
   94.000000000000000        60.604915179078183     
   94.750000000000000        60.773297385557846     
   95.500000000000000        60.867985353924510     
   96.250000000000000        60.901505183277322     
   97.000000000000000        60.913652722887342     
   97.750000000000000        60.925800262497354     
   98.500000000000000        60.937947802107367     
   99.250000000000000        60.950095341717379     
   100.00000000000000        60.962242881327391     
