   25.000000000000000        30.919867259465189     
   25.750000000000000        31.696949685447372     
   26.500000000000000        32.381543166452303     
   27.250000000000000        33.066136647457235     
   28.000000000000000        33.750730128462166     
   28.750000000000000        34.435323609467090     
   29.500000000000000        35.121854299430254     
   30.250000000000000        35.835505914808628     
   31.000000000000000        36.770182854534241     
   31.750000000000000        37.720647317427520     
   32.500000000000000        38.671111780320800     
   33.250000000000000        39.621576243214079     
   34.000000000000000        40.572040706107352     
   34.750000000000000        41.461473211246542     
   35.500000000000000        42.147220965290828     
   36.250000000000000        42.599964082072560     
   37.000000000000000        43.052707198854300     
   37.750000000000000        43.505450315636033     
   38.500000000000000        43.958193432417765     
   39.250000000000000        44.410936549199505     
   40.000000000000000        44.861862753996718     
   40.750000000000000        45.309797792741840     
   41.500000000000000        45.755903441061740     
   42.250000000000000        46.202009089381633     
   43.000000000000000        46.648114737701533     
   43.750000000000000        47.094220386021426     
   44.500000000000000        47.540326034341319     
   45.250000000000000        47.987263232424027     
   46.000000000000000        48.435484940507926     
   46.750000000000000        48.884466791821644     
   47.500000000000000        49.333448643135355     
   48.250000000000000        49.782430494449073     
   49.000000000000000        50.231412345762791     
   49.750000000000000        50.678459905270145     
   50.500000000000000        50.916083362512737     
   51.250000000000000        51.121487727099215     
   52.000000000000000        51.326892091685700     
   52.750000000000000        51.532296456272178     
   53.500000000000000        51.737700820858656     
   54.250000000000000        51.943105185445141     
   55.000000000000000        52.152312149496730     
   55.750000000000000        52.414755506059841     
   56.500000000000000        52.682400538188482     
   57.250000000000000        52.950417118571821     
   58.000000000000000        53.218433698955145     
   58.750000000000000        53.486450279338477     
   59.500000000000000        53.754466859721809     
   60.250000000000000        54.035224008485301     
   61.000000000000000        54.353720090441449     
   61.750000000000000        54.689781578354328     
   62.500000000000000        55.025843066267207     
   63.250000000000000        55.361904554180093     
   64.000000000000000        55.697966042092972     
   64.750000000000000        55.987815810986334     
   65.500000000000000        56.201889489652039     
   66.250000000000000        56.364570851120057     
   67.000000000000000        56.527252212588074     
   67.750000000000000        56.689933574056099     
   68.500000000000000        56.852614935524109     
   69.250000000000000        57.015296296992126     
   70.000000000000000        57.177540355581350     
   70.750000000000000        57.308782574538448     
   71.500000000000000        57.424578536539329     
   72.250000000000000        57.540374498540217     
   73.000000000000000        57.656170460541098     
   73.750000000000000        57.771966422541979     
   74.500000000000000        57.887762384542853     
   75.250000000000000        58.017208159246337     
   76.000000000000000        58.157145535681643     
   76.750000000000000        58.298697004691071     
   77.500000000000000        58.440248473700493     
   78.250000000000000        58.581799942709921     
   79.000000000000000        58.723351411719349     
   79.750000000000000        58.864902880728785     
   80.500000000000000        59.001772030703847     
   81.250000000000000        59.073088714197659     
   82.000000000000000        59.143442886843062     
   82.750000000000000        59.213728308713577     
   83.500000000000000        59.284013730584093     
   84.250000000000000        59.354299152454615     
   85.000000000000000        59.419747871269422     
   85.750000000000000        59.475929076662759     
   86.500000000000000        59.526576020251824     
   87.250000000000000        59.577222963840903     
   88.000000000000000        59.627869907429968     
   88.750000000000000        59.678516851019033     
   89.500000000000000        59.729163794608098     
   90.250000000000000        59.785260525021357     
   91.000000000000000        59.848922524387710     
   91.750000000000000        59.917078326882006     
   92.500000000000000        59.985234129376309     
   93.250000000000000        60.053389931870619     
   94.000000000000000        60.121545734364915     
   94.750000000000000        60.189701536859225     
   95.500000000000000        60.219170151573259     
   96.250000000000000        60.203718483903131     
   97.000000000000000        60.170642573513454     
   97.750000000000000        60.137566663123785     
   98.500000000000000        60.104490752734115     
   99.250000000000000        60.071414842344439     
   100.00000000000000        60.038338931954776     
