   25.000000000000000        31.940406727021081     
   25.750000000000000        32.981809564508175     
   26.500000000000000        33.982614478483214     
   27.250000000000000        34.983419392458252     
   28.000000000000000        35.984224306433298     
   28.750000000000000        36.985029220408336     
   29.500000000000000        37.985996246020598     
   30.250000000000000        38.989232834553853     
   31.000000000000000        40.032738525719680     
   31.750000000000000        41.079120581359270     
   32.500000000000000        42.125502636998860     
   33.250000000000000        43.171884692638443     
   34.000000000000000        44.218266748278026     
   34.750000000000000        45.223326284811932     
   35.500000000000000        46.076026672530581     
   36.250000000000000        46.677032621964159     
   37.000000000000000        47.278038571397744     
   37.750000000000000        47.879044520831329     
   38.500000000000000        48.480050470264914     
   39.250000000000000        49.081056419698498     
   40.000000000000000        49.579050037445150     
   40.750000000000000        49.942095278746763     
   41.500000000000000        50.270700525299887     
   42.250000000000000        50.599305771853011     
   43.000000000000000        50.927911018406135     
   43.750000000000000        51.256516264959259     
   44.500000000000000        51.585121511512376     
   45.250000000000000        51.931592115624689     
   46.000000000000000        52.298899216275728     
   46.750000000000000        52.676622157465992     
   47.500000000000000        53.054345098656249     
   48.250000000000000        53.432068039846513     
   49.000000000000000        53.809790981036770     
   49.750000000000000        54.169753942111129     
   50.500000000000000        54.478676544366088     
   51.250000000000000        54.779746783725756     
   52.000000000000000        55.080817023085423     
   52.750000000000000        55.381887262445090     
   53.500000000000000        55.682957501804758     
   54.250000000000000        55.983424250821571     
   55.000000000000000        56.280185239979033     
   55.750000000000000        56.558861050305730     
   56.500000000000000        56.837536860632426     
   57.250000000000000        57.116212670959122     
   58.000000000000000        57.394888481285811     
   58.750000000000000        57.673564291612514     
   59.500000000000000        57.952240101939218     
   60.250000000000000        58.230915912265907     
   61.000000000000000        58.509591722592603     
   61.750000000000000        58.788267532919292     
   62.500000000000000        59.066943343246002     
   63.250000000000000        59.345619153572692     
   64.000000000000000        59.613577353865338     
   64.750000000000000        59.810450702525863     
   65.500000000000000        59.962532358591417     
   66.250000000000000        60.114614014656958     
   67.000000000000000        60.266695670722505     
   67.750000000000000        60.418777326788053     
   68.500000000000000        60.570858982853608     
   69.250000000000000        60.722940638919148     
   70.000000000000000        60.898180848052014     
   70.750000000000000        61.115486570366528     
   71.500000000000000        61.350930230138474     
   72.250000000000000        61.586373889910419     
   73.000000000000000        61.821817549682365     
   73.750000000000000        62.057261209454303     
   74.500000000000000        62.292704869226242     
   75.250000000000000        62.426206852931493     
   76.000000000000000        62.538937343714274     
   76.750000000000000        62.648472220201270     
   77.500000000000000        62.758007096688281     
   78.250000000000000        62.867541973175285     
   79.000000000000000        62.977076849662296     
   79.750000000000000        63.087580472409833     
   80.500000000000000        63.202228810862920     
   81.250000000000000        63.320653378603701     
   82.000000000000000        63.439077946344483     
   82.750000000000000        63.557502514085265     
   83.500000000000000        63.675927081826046     
   84.250000000000000        63.794351649566821     
   85.000000000000000        63.875224102116498     
   85.750000000000000        63.896843105970653     
   86.500000000000000        63.910417601075423     
   87.250000000000000        63.923992096180207     
   88.000000000000000        63.937566591284977     
   88.750000000000000        63.951141086389740     
   89.500000000000000        63.964715581494509     
   90.250000000000000        63.991073166347043     
   91.000000000000000        64.033310747034420     
   91.750000000000000        64.083957397439534     
   92.500000000000000        64.134604047844633     
   93.250000000000000        64.185250698249732     
   94.000000000000000        64.235897348654845     
   94.750000000000000        64.286543999059944     
   95.500000000000000        64.340104134566602     
   96.250000000000000        64.397047161955399     
   97.000000000000000        64.455317449647580     
   97.750000000000000        64.513587737339734     
   98.500000000000000        64.571858025031901     
   99.250000000000000        64.630128312724068     
   100.00000000000000        64.688398600416235     
