   25.000000000000000        35.904049380805326     
   25.750000000000000        37.066173228202075     
   26.500000000000000        38.161689133954454     
   27.250000000000000        39.257205039706832     
   28.000000000000000        40.352720945459211     
   28.750000000000000        41.448236851211590     
   29.500000000000000        42.535827489097180     
   30.250000000000000        43.512464376847838     
   31.000000000000000        44.381434537636835     
   31.750000000000000        45.242714217928580     
   32.500000000000000        46.103993898220324     
   33.250000000000000        46.965273578512068     
   34.000000000000000        47.826553258803813     
   34.750000000000000        48.635572538491623     
   35.500000000000000        49.296410599985165     
   36.250000000000000        49.928225404011272     
   37.000000000000000        50.560040208037385     
   37.750000000000000        51.191855012063492     
   38.500000000000000        51.823669816089605     
   39.250000000000000        52.440181326450180     
   40.000000000000000        52.937821429696655     
   40.750000000000000        53.311268148557907     
   41.500000000000000        53.684714867419167     
   42.250000000000000        54.058161586280420     
   43.000000000000000        54.431608305141673     
   43.750000000000000        54.805055024002939     
   44.500000000000000        55.178501742864185     
   45.250000000000000        55.559720564347366     
   46.000000000000000        55.949338344223904     
   46.750000000000000        56.342904917797547     
   47.500000000000000        56.736471491371191     
   48.250000000000000        57.130038064944834     
   49.000000000000000        57.523604638518485     
   49.750000000000000        57.917419795386884     
   50.500000000000000        58.318759286313352     
   51.250000000000000        58.721256367094917     
   52.000000000000000        59.123753447876481     
   52.750000000000000        59.526250528658039     
   53.500000000000000        59.928747609439597     
   54.250000000000000        60.330960524752584     
   55.000000000000000        60.726820579866967     
   55.750000000000000        61.049653858441367     
   56.500000000000000        61.372487137015774     
   57.250000000000000        61.695320415590182     
   58.000000000000000        62.018153694164589     
   58.750000000000000        62.340986972738989     
   59.500000000000000        62.658856168290193     
   60.250000000000000        62.962030581297974     
   61.000000000000000        63.245271184782077     
   61.750000000000000        63.528511788266179     
   62.500000000000000        63.811752391750296     
   63.250000000000000        64.094992995234406     
   64.000000000000000        64.378233598718509     
   64.750000000000000        64.650577087064960     
   65.500000000000000        64.890570367675323     
   66.250000000000000        65.101894546216030     
   67.000000000000000        65.313218724756723     
   67.750000000000000        65.524542903297444     
   68.500000000000000        65.735867081838151     
   69.250000000000000        65.947191260378844     
   70.000000000000000        66.151108870661673     
   70.750000000000000        66.341426774208145     
   71.500000000000000        66.525870645418664     
   72.250000000000000        66.710314516629182     
   73.000000000000000        66.894758387839701     
   73.750000000000000        67.078808409825214     
   74.500000000000000        67.260298411848240     
   75.250000000000000        67.414734050605418     
   76.000000000000000        67.569169689362596     
   76.750000000000000        67.723605328119788     
   77.500000000000000        67.878040966876966     
   78.250000000000000        68.032476605634145     
   79.000000000000000        68.186912244391323     
   79.750000000000000        68.331222108483061     
   80.500000000000000        68.433792530693736     
   81.250000000000000        68.519054147834282     
   82.000000000000000        68.604315764974857     
   82.750000000000000        68.689577382115431     
   83.500000000000000        68.774838999255991     
   84.250000000000000        68.860100616396565     
   85.000000000000000        68.928821716419677     
   85.750000000000000        68.971152855035086     
   86.500000000000000        69.009141232888780     
   87.250000000000000        69.047129610742473     
   88.000000000000000        69.085117988596153     
   88.750000000000000        69.123106366449846     
   89.500000000000000        69.161094744303540     
   90.250000000000000        69.207397308053331     
   91.000000000000000        69.261859261848514     
   91.750000000000000        69.319311615012822     
   92.500000000000000        69.376763968177144     
   93.250000000000000        69.434216321341466     
   94.000000000000000        69.491668674505775     
   94.750000000000000        69.549021726816136     
   95.500000000000000        69.595201204798414     
   96.250000000000000        69.638589062428181     
   97.000000000000000        69.681976920057949     
   97.750000000000000        69.725364777687730     
   98.500000000000000        69.768752635317512     
   99.250000000000000        69.811547319058334     
   100.00000000000000        69.850486372520919     
