   25.000000000000000        32.229530980045631     
   25.750000000000000        33.107922922103917     
   26.500000000000000        33.905125705978612     
   27.250000000000000        34.702328489853308     
   28.000000000000000        35.499531273727996     
   28.750000000000000        36.296734057602698     
   29.500000000000000        37.094814570793226     
   30.250000000000000        37.905183294405582     
   31.000000000000000        38.743716862818985     
   31.750000000000000        39.584262205861037     
   32.500000000000000        40.424807548903097     
   33.250000000000000        41.265352891945142     
   34.000000000000000        42.105898234987194     
   34.750000000000000        42.909762901410026     
   35.500000000000000        43.606713400977725     
   36.250000000000000        44.264388910555454     
   37.000000000000000        44.922064420133189     
   37.750000000000000        45.579739929710918     
   38.500000000000000        46.237415439288654     
   39.250000000000000        46.895090948866383     
   40.000000000000000        47.544368231472895     
   40.750000000000000        48.177742218742104     
   41.500000000000000        48.798505562699489     
   42.250000000000000        49.419268906656875     
   43.000000000000000        50.040032250614267     
   43.750000000000000        50.660795594571660     
   44.500000000000000        51.281558938529045     
   45.250000000000000        51.843947218536741     
   46.000000000000000        52.343252217587647     
   46.750000000000000        52.812898436279347     
   47.500000000000000        53.282544654971048     
   48.250000000000000        53.752190873662748     
   49.000000000000000        54.221837092354441     
   49.750000000000000        54.664270823563072     
   50.500000000000000        54.948460751897734     
   51.250000000000000        55.208305479790248     
   52.000000000000000        55.468150207682754     
   52.750000000000000        55.727994935575261     
   53.500000000000000        55.987839663467774     
   54.250000000000000        56.247684391360288     
   55.000000000000000        56.506547245564498     
   55.750000000000000        56.751663868132539     
   56.500000000000000        56.992515134892834     
   57.250000000000000        57.233061733381149     
   58.000000000000000        57.473608331869457     
   58.750000000000000        57.714154930357765     
   59.500000000000000        57.948309503487543     
   60.250000000000000        58.163542269263068     
   61.000000000000000        58.353107169418323     
   61.750000000000000        58.542672069573577     
   62.500000000000000        58.732236969728824     
   63.250000000000000        58.921801869884078     
   64.000000000000000        59.111366770039332     
   64.750000000000000        59.295953771748579     
   65.500000000000000        59.468334814731925     
   66.250000000000000        59.630558875130241     
   67.000000000000000        59.792782935528550     
   67.750000000000000        59.955006995926865     
   68.500000000000000        60.117231056325188     
   69.250000000000000        60.279455116723504     
   70.000000000000000        60.431727233202061     
   70.750000000000000        60.555616311342092     
   71.500000000000000        60.666557863302842     
   72.250000000000000        60.777499415263584     
   73.000000000000000        60.888440967224341     
   73.750000000000000        60.999382519185097     
   74.500000000000000        61.110324071145840     
   75.250000000000000        61.219807319404822     
   76.000000000000000        61.326775334495444     
   76.750000000000000        61.433356390637080     
   77.500000000000000        61.539937446778723     
   78.250000000000000        61.646518502920372     
   79.000000000000000        61.753099559062008     
   79.750000000000000        61.856558137537554     
   80.500000000000000        61.946386789653381     
   81.250000000000000        62.020255222034542     
   82.000000000000000        62.094123654415711     
   82.750000000000000        62.167992086796872     
   83.500000000000000        62.241860519178033     
   84.250000000000000        62.315728951559194     
   85.000000000000000        62.384273193139492     
   85.750000000000000        62.443787971398713     
   86.500000000000000        62.500434012578609     
   87.250000000000000        62.557080053758497     
   88.000000000000000        62.613726094938386     
   88.750000000000000        62.670372136118282     
   89.500000000000000        62.727018177298170     
   90.250000000000000        62.798852480504934     
   91.000000000000000        62.885591718019569     
   91.750000000000000        62.977793157008421     
   92.500000000000000        63.069994595997272     
   93.250000000000000        63.162196034986117     
   94.000000000000000        63.254397473974976     
   94.750000000000000        63.346598912963827     
   95.500000000000000        63.376538854733859     
   96.250000000000000        63.388560803919134     
   97.000000000000000        63.399406443964395     
   97.750000000000000        63.410252084009656     
   98.500000000000000        63.421097724054910     
   99.250000000000000        63.432550607993541     
   100.00000000000000        63.447950577239027     
