   25.000000000000000        9.8811942760641678     
   25.750000000000000        10.270912270416787     
   26.500000000000000        10.628845257607788     
   27.250000000000000        10.986778244798787     
   28.000000000000000        11.344711231989784     
   28.750000000000000        11.702644219180785     
   29.500000000000000        12.057726024932062     
   30.250000000000000        12.372891290527223     
   31.000000000000000        12.630084809348810     
   31.750000000000000        12.883137489115144     
   32.500000000000000        13.136190168881480     
   33.250000000000000        13.389242848647815     
   34.000000000000000        13.642295528414149     
   34.750000000000000        13.882057440220851     
   35.500000000000000        14.079562298910430     
   36.250000000000000        14.239968789617079     
   37.000000000000000        14.400375280323729     
   37.750000000000000        14.560781771030378     
   38.500000000000000        14.721188261737026     
   39.250000000000000        14.881594752443675     
   40.000000000000000        15.027198080063778     
   40.750000000000000        15.151091615483832     
   41.500000000000000        15.265401367844461     
   42.250000000000000        15.379711120205087     
   43.000000000000000        15.494020872565718     
   43.750000000000000        15.608330624926348     
   44.500000000000000        15.722640377286975     
   45.250000000000000        15.811749030553468     
   46.000000000000000        15.883166411249467     
   46.750000000000000        15.950129409299969     
   47.500000000000000        16.017092407350468     
   48.250000000000000        16.084055405400971     
   49.000000000000000        16.151018403451470     
   49.750000000000000        16.217981401501973     
   50.500000000000000        16.268255885934217     
   51.250000000000000        16.313045526590965     
   52.000000000000000        16.356774301741570     
   52.750000000000000        16.400503076892175     
   53.500000000000000        16.444231852042780     
   54.250000000000000        16.487960627193381     
   55.000000000000000        16.530446700185056     
   55.750000000000000        16.555534942951766     
   56.500000000000000        16.579879156028316     
   57.250000000000000        16.604170224126989     
   58.000000000000000        16.628461292225666     
   58.750000000000000        16.652752360324342     
   59.500000000000000        16.676571280905971     
   60.250000000000000        16.695450436648063     
   61.000000000000000        16.702692847589223     
   61.750000000000000        16.709935258530386     
   62.500000000000000        16.717177669471550     
   63.250000000000000        16.724420080412710     
   64.000000000000000        16.731662491353870     
   64.750000000000000        16.737122013909215     
   65.500000000000000        16.737432659481222     
   66.250000000000000        16.733217265366235     
   67.000000000000000        16.729001871251253     
   67.750000000000000        16.724786477136266     
   68.500000000000000        16.720571083021287     
   69.250000000000000        16.716355688906297     
   70.000000000000000        16.710566410400236     
   70.750000000000000        16.700833114252781     
   71.500000000000000        16.689324544833511     
   72.250000000000000        16.677815975414241     
   73.000000000000000        16.666307405994974     
   73.750000000000000        16.654798836575704     
   74.500000000000000        16.643290267156434     
   75.250000000000000        16.630593700788957     
   76.000000000000000        16.616474966117970     
   76.750000000000000        16.602137436323364     
   77.500000000000000        16.587799906528762     
   78.250000000000000        16.573462376734156     
   79.000000000000000        16.559124846939554     
   79.750000000000000        16.546601519077765     
   80.500000000000000        16.541829499136195     
   81.250000000000000        16.543980481839924     
   82.000000000000000        16.546131464543652     
   82.750000000000000        16.548282447247381     
   83.500000000000000        16.550433429951109     
   84.250000000000000        16.552584412654838     
   85.000000000000000        16.558125063171367     
   85.750000000000000        16.569811916651830     
   86.500000000000000        16.584418448555287     
   87.250000000000000        16.599024980458747     
   88.000000000000000        16.613631512362208     
   88.750000000000000        16.628238044265665     
   89.500000000000000        16.642844576169121     
   90.250000000000000        16.648370439484413     
   91.000000000000000        16.643710243318907     
   91.750000000000000        16.634327440956806     
   92.500000000000000        16.624944638594709     
   93.250000000000000        16.615561836232608     
   94.000000000000000        16.606179033870511     
   94.750000000000000        16.596796231508410     
   95.500000000000000        16.578214784306525     
   96.250000000000000        16.555429675660548     
   97.000000000000000        16.531692566897505     
   97.750000000000000        16.507955458134457     
   98.500000000000000        16.484218349371414     
   99.250000000000000        16.460481240608370     
   100.00000000000000        16.436744131845327     
