   25.000000000000000       0.18842664964946088     
   25.750000000000000       0.19630362547025199     
   26.500000000000000       0.20418060129104310     
   27.250000000000000       0.21205757711183421     
   28.000000000000000       0.21993455293262534     
   28.750000000000000       0.22781152875341645     
   29.500000000000000       0.23568850457420756     
   30.250000000000000       0.24356548039499867     
   31.000000000000000       0.25144245621578981     
   31.750000000000000       0.25790241530765606     
   32.500000000000000       0.26312248476171313     
   33.250000000000000       0.26834255421577019     
   34.000000000000000       0.27356262366982725     
   34.750000000000000       0.27878269312388432     
   35.500000000000000       0.28400276257794133     
   36.250000000000000       0.28922283203199839     
   37.000000000000000       0.29444290148605545     
   37.750000000000000       0.29951064365674696     
   38.500000000000000       0.30244580386032083     
   39.250000000000000       0.30538096406389470     
   40.000000000000000       0.30831612426746857     
   40.750000000000000       0.31125128447104244     
   41.500000000000000       0.31418644467461632     
   42.250000000000000       0.31712160487819019     
   43.000000000000000       0.32005676508176406     
   43.750000000000000       0.32299192528533793     
   44.500000000000000       0.32527626054804248     
   45.250000000000000       0.32712671251683417     
   46.000000000000000       0.32897716448562592     
   46.750000000000000       0.33082761645441761     
   47.500000000000000       0.33267806842320935     
   48.250000000000000       0.33452852039200104     
   49.000000000000000       0.33637897236079273     
   49.750000000000000       0.33822942432958447     
   50.500000000000000       0.33994688531592221     
   51.250000000000000       0.34079990491630902     
   52.000000000000000       0.34165292451669588     
   52.750000000000000       0.34250594411708274     
   53.500000000000000       0.34335896371746955     
   54.250000000000000       0.34421198331785641     
   55.000000000000000       0.34506500291824327     
   55.750000000000000       0.34591802251863008     
   56.500000000000000       0.34677104211901694     
   57.250000000000000       0.34731612058950007     
   58.000000000000000       0.34770722849503133     
   58.750000000000000       0.34809833640056265     
   59.500000000000000       0.34848944430609391     
   60.250000000000000       0.34888055221162517     
   61.000000000000000       0.34927166011715649     
   61.750000000000000       0.34966276802268775     
   62.500000000000000       0.35005387592821907     
   63.250000000000000       0.35036583812461530     
   64.000000000000000       0.35036121748447147     
   64.750000000000000       0.35035659684432763     
   65.500000000000000       0.35035197620418379     
   66.250000000000000       0.35034735556403995     
   67.000000000000000       0.35034273492389612     
   67.750000000000000       0.35033811428375228     
   68.500000000000000       0.35033349364360844     
   69.250000000000000       0.35032887300346460     
   70.000000000000000       0.35031811012047220     
   70.750000000000000       0.35030511369462575     
   71.500000000000000       0.35029211726877929     
   72.250000000000000       0.35027912084293283     
   73.000000000000000       0.35026612441708632     
   73.750000000000000       0.35025312799123987     
   74.500000000000000       0.35024013156539341     
   75.250000000000000       0.35022713513954695     
   76.000000000000000       0.35012383051131596     
   76.750000000000000       0.34977217832652729     
   77.500000000000000       0.34942052614173863     
   78.250000000000000       0.34906887395694997     
   79.000000000000000       0.34871722177216130     
   79.750000000000000       0.34836556958737264     
   80.500000000000000       0.34801391740258397     
   81.250000000000000       0.34766226521779531     
   82.000000000000000       0.34731061303300670     
   82.750000000000000       0.34693246985688919     
   83.500000000000000       0.34654770393293949     
   84.250000000000000       0.34616293800898978     
   85.000000000000000       0.34577817208504014     
   85.750000000000000       0.34539340616109043     
   86.500000000000000       0.34500864023714073     
   87.250000000000000       0.34462387431319103     
   88.000000000000000       0.34423910838924138     
   88.750000000000000       0.34377192283894925     
   89.500000000000000       0.34313989803597228     
   90.250000000000000       0.34250787323299531     
   91.000000000000000       0.34187584843001834     
   91.750000000000000       0.34124382362704142     
   92.500000000000000       0.34061179882406445     
   93.250000000000000       0.33997977402108748     
   94.000000000000000       0.33934774921811051     
   94.750000000000000       0.33871572441513353     
   95.500000000000000       0.33806429950107059     
   96.250000000000000       0.33740988995453286     
   97.000000000000000       0.33675548040799513     
   97.750000000000000       0.33610107086145741     
   98.500000000000000       0.33544666131491963     
   99.250000000000000       0.33479225176838190     
   100.00000000000000       0.33413784222184417     
