   25.000000000000000        2.2205090103426821     
   25.750000000000000        2.4053788383896730     
   26.500000000000000        2.5902486664366640     
   27.250000000000000        2.7751184944836549     
   28.000000000000000        2.9599883225306458     
   28.750000000000000        3.1448581505776367     
   29.500000000000000        3.3297279786246277     
   30.250000000000000        3.5145978066716186     
   31.000000000000000        3.6994676347186095     
   31.750000000000000        3.8551697972496024     
   32.500000000000000        3.9853502524540971     
   33.250000000000000        4.1155307076585919     
   34.000000000000000        4.2457111628630866     
   34.750000000000000        4.3758916180675813     
   35.500000000000000        4.5060720732720760     
   36.250000000000000        4.6362525284765699     
   37.000000000000000        4.7664329836810646     
   37.750000000000000        4.8943034842308331     
   38.500000000000000        4.9898346196144256     
   39.250000000000000        5.0853657549980182     
   40.000000000000000        5.1808968903816108     
   40.750000000000000        5.2764280257652034     
   41.500000000000000        5.3719591611487960     
   42.250000000000000        5.4674902965323886     
   43.000000000000000        5.5630214319159812     
   43.750000000000000        5.6585525672995747     
   44.500000000000000        5.7404077920550849     
   45.250000000000000        5.8131457430585414     
   46.000000000000000        5.8858836940619979     
   46.750000000000000        5.9586216450654543     
   47.500000000000000        6.0313595960689108     
   48.250000000000000        6.1040975470723673     
   49.000000000000000        6.1768354980758238     
   49.750000000000000        6.2495734490792803     
   50.500000000000000        6.3173310995081930     
   51.250000000000000        6.3527167962025679     
   52.000000000000000        6.3881024928969428     
   52.750000000000000        6.4234881895913176     
   53.500000000000000        6.4588738862856934     
   54.250000000000000        6.4942595829800682     
   55.000000000000000        6.5296452796744431     
   55.750000000000000        6.5650309763688188     
   56.500000000000000        6.6004166730631937     
   57.250000000000000        6.6311269474853187     
   58.000000000000000        6.6594995107713189     
   58.750000000000000        6.6878720740573190     
   59.500000000000000        6.7162446373433191     
   60.250000000000000        6.7446172006293192     
   61.000000000000000        6.7729897639153194     
   61.750000000000000        6.8013623272013195     
   62.500000000000000        6.8297348904873196     
   63.250000000000000        6.8561676984000197     
   64.000000000000000        6.8748414848195187     
   64.750000000000000        6.8935152712390186     
   65.500000000000000        6.9121890576585185     
   66.250000000000000        6.9308628440780176     
   67.000000000000000        6.9495366304975175     
   67.750000000000000        6.9682104169170165     
   68.500000000000000        6.9868842033365164     
   69.250000000000000        7.0055579897560154     
   70.000000000000000        7.0242317761755153     
   70.750000000000000        7.0429055625950143     
   71.500000000000000        7.0615793490145142     
   72.250000000000000        7.0802531354340132     
   73.000000000000000        7.0989269218535123     
   73.750000000000000        7.1176007082730122     
   74.500000000000000        7.1362744946925112     
   75.250000000000000        7.1549482811120111     
   76.000000000000000        7.1723086771940210     
   76.750000000000000        7.1860572498479387     
   77.500000000000000        7.1998058225018555     
   78.250000000000000        7.2135543951557723     
   79.000000000000000        7.2273029678096892     
   79.750000000000000        7.2410515404636060     
   80.500000000000000        7.2548001131175228     
   81.250000000000000        7.2685486857714396     
   82.000000000000000        7.2822972584253565     
   82.750000000000000        7.2864946668590074     
   83.500000000000000        7.2883042842375909     
   84.250000000000000        7.2901139016161753     
   85.000000000000000        7.2919235189947589     
   85.750000000000000        7.2937331363733433     
   86.500000000000000        7.2955427537519268     
   87.250000000000000        7.2973523711305113     
   88.000000000000000        7.2991619885090948     
   88.750000000000000        7.3009716058876784     
   89.500000000000000        7.3027812232662628     
   90.250000000000000        7.3045908406448463     
   91.000000000000000        7.3064004580234299     
   91.750000000000000        7.3082100754020143     
   92.500000000000000        7.3100196927805978     
   93.250000000000000        7.3118293101591822     
   94.000000000000000        7.3136389275377658     
   94.750000000000000        7.3154485449163493     
   95.500000000000000        7.3163411258863693     
   96.250000000000000        7.3170926243319947     
   97.000000000000000        7.3178441227776201     
   97.750000000000000        7.3185956212232455     
   98.500000000000000        7.3193471196688709     
   99.250000000000000        7.3200986181144971     
   100.00000000000000        7.3208501165601225     
