   25.000000000000000       0.22378184514627752     
   25.750000000000000       0.24302642640003386     
   26.500000000000000       0.26227100765379019     
   27.250000000000000       0.28151558890754658     
   28.000000000000000       0.30076017016130291     
   28.750000000000000       0.32000475141505924     
   29.500000000000000       0.33924933266881563     
   30.250000000000000       0.35849391392257191     
   31.000000000000000       0.37773849517632829     
   31.750000000000000       0.39510208989005641     
   32.500000000000000       0.41081982138125978     
   33.250000000000000       0.42653755287246314     
   34.000000000000000       0.44225528436366651     
   34.750000000000000       0.45797301585486988     
   35.500000000000000       0.47369074734607325     
   36.250000000000000       0.48940847883727662     
   37.000000000000000       0.50512621032847993     
   37.750000000000000       0.52057346783663372     
   38.500000000000000       0.53223408958209151     
   39.250000000000000       0.54389471132754930     
   40.000000000000000       0.55555533307300708     
   40.750000000000000       0.56721595481846487     
   41.500000000000000       0.57887657656392266     
   42.250000000000000       0.59053719830938045     
   43.000000000000000       0.60219782005483824     
   43.750000000000000       0.61385844180029603     
   44.500000000000000       0.62375793421373971     
   45.250000000000000       0.63248334040584064     
   46.000000000000000       0.64120874659794158     
   46.750000000000000       0.64993415279004263     
   47.500000000000000       0.65865955898214357     
   48.250000000000000       0.66738496517424450     
   49.000000000000000       0.67611037136634544     
   49.750000000000000       0.68483577755844638     
   50.500000000000000       0.69337663349901446     
   51.250000000000000       0.70071791280461870     
   52.000000000000000       0.70805919211022283     
   52.750000000000000       0.71540047141582697     
   53.500000000000000       0.72274175072143121     
   54.250000000000000       0.73008303002703534     
   55.000000000000000       0.73742430933263947     
   55.750000000000000       0.74476558863824371     
   56.500000000000000       0.75210686794384785     
   57.250000000000000       0.75830193954434844     
   58.000000000000000       0.76392390729229731     
   58.750000000000000       0.76954587504024619     
   59.500000000000000       0.77516784278819495     
   60.250000000000000       0.78078981053614382     
   61.000000000000000       0.78641177828409259     
   61.750000000000000       0.79203374603204146     
   62.500000000000000       0.79765571377999023     
   63.250000000000000       0.80294619377790444     
   64.000000000000000       0.80691072277568021     
   64.750000000000000       0.81087525177345610     
   65.500000000000000       0.81483978077123187     
   66.250000000000000       0.81880430976900764     
   67.000000000000000       0.82276883876678342     
   67.750000000000000       0.82673336776455919     
   68.500000000000000       0.83069789676233496     
   69.250000000000000       0.83466242576011074     
   70.000000000000000       0.83815222026759972     
   70.750000000000000       0.84146938405134808     
   71.500000000000000       0.84478654783509632     
   72.250000000000000       0.84810371161884468     
   73.000000000000000       0.85142087540259292     
   73.750000000000000       0.85473803918634117     
   74.500000000000000       0.85805520297008953     
   75.250000000000000       0.86137236675383777     
   76.000000000000000       0.86444818293920966     
   76.750000000000000       0.86686029322904623     
   77.500000000000000       0.86927240351888280     
   78.250000000000000       0.87168451380871936     
   79.000000000000000       0.87409662409855593     
   79.750000000000000       0.87650873438839250     
   80.500000000000000       0.87892084467822906     
   81.250000000000000       0.88133295496806563     
   82.000000000000000       0.88374506525790220     
   82.750000000000000       0.88531715558551238     
   83.500000000000000       0.88667924092256600     
   84.250000000000000       0.88804132625961962     
   85.000000000000000       0.88940341159667324     
   85.750000000000000       0.89076549693372686     
   86.500000000000000       0.89212758227078037     
   87.250000000000000       0.89348966760783399     
   88.000000000000000       0.89485175294488761     
   88.750000000000000       0.89619334425985830     
   89.500000000000000       0.89749394753066325     
   90.250000000000000       0.89879455080146820     
   91.000000000000000       0.90009515407227314     
   91.750000000000000       0.90139575734307809     
   92.500000000000000       0.90269636061388303     
   93.250000000000000       0.90399696388468798     
   94.000000000000000       0.90529756715549292     
   94.750000000000000       0.90659817042629787     
   95.500000000000000       0.90730264076817391     
   96.250000000000000       0.90791539835175306     
   97.000000000000000       0.90852815593533232     
   97.750000000000000       0.90914091351891158     
   98.500000000000000       0.90975367110249072     
   99.250000000000000       0.91036642868606998     
   100.00000000000000       0.91097918626964913     
