   25.000000000000000       0.42702051488461334     
   25.750000000000000       0.44573704744007625     
   26.500000000000000       0.46445357999553916     
   27.250000000000000       0.48317011255100206     
   28.000000000000000       0.50188664510646497     
   28.750000000000000       0.52060317766192787     
   29.500000000000000       0.53931971021739078     
   30.250000000000000       0.55803624277285369     
   31.000000000000000       0.57675277532831659     
   31.750000000000000       0.59351541124963847     
   32.500000000000000       0.60856838761608700     
   33.250000000000000       0.62362136398253565     
   34.000000000000000       0.63867434034898418     
   34.750000000000000       0.65372731671543272     
   35.500000000000000       0.66878029308188125     
   36.250000000000000       0.68383326944832978     
   37.000000000000000       0.69888624581477832     
   37.750000000000000       0.71376669926126091     
   38.500000000000000       0.72623183182821993     
   39.250000000000000       0.73869696439517896     
   40.000000000000000       0.75116209696213798     
   40.750000000000000       0.76362722952909690     
   41.500000000000000       0.77609236209605592     
   42.250000000000000       0.78855749466301495     
   43.000000000000000       0.80102262722997386     
   43.750000000000000       0.81348775979693289     
   44.500000000000000       0.82424658536666973     
   45.250000000000000       0.83386787293825837     
   46.000000000000000       0.84348916050984712     
   46.750000000000000       0.85311044808143577     
   47.500000000000000       0.86273173565302452     
   48.250000000000000       0.87235302322461317     
   49.000000000000000       0.88197431079620192     
   49.750000000000000       0.89159559836779056     
   50.500000000000000       0.90086022388107923     
   51.250000000000000       0.90780654601541733     
   52.000000000000000       0.91475286814975554     
   52.750000000000000       0.92169919028409375     
   53.500000000000000       0.92864551241843185     
   54.250000000000000       0.93559183455277006     
   55.000000000000000       0.94253815668710828     
   55.750000000000000       0.94948447882144638     
   56.500000000000000       0.95643080095578459     
   57.250000000000000       0.96259911466350512     
   58.000000000000000       0.96837842415791675     
   58.750000000000000       0.97415773365232827     
   59.500000000000000       0.97993704314673991     
   60.250000000000000       0.98571635264115154     
   61.000000000000000       0.99149566213556317     
   61.750000000000000       0.99727497162997480     
   62.500000000000000        1.0030542811243863     
   63.250000000000000        1.0086311253190676     
   64.000000000000000        1.0133981083148271     
   64.750000000000000        1.0181650913105866     
   65.500000000000000        1.0229320743063464     
   66.250000000000000        1.0276990573021059     
   67.000000000000000        1.0324660402978654     
   67.750000000000000        1.0372330232936249     
   68.500000000000000        1.0420000062893846     
   69.250000000000000        1.0467669892851441     
   70.000000000000000        1.0505657839731708     
   70.750000000000000        1.0540125101856583     
   71.500000000000000        1.0574592363981459     
   72.250000000000000        1.0609059626106336     
   73.000000000000000        1.0643526888231212     
   73.750000000000000        1.0677994150356087     
   74.500000000000000        1.0712461412480963     
   75.250000000000000        1.0746928674605838     
   76.000000000000000        1.0780257824844248     
   76.750000000000000        1.0810457167394880     
   77.500000000000000        1.0840656509945512     
   78.250000000000000        1.0870855852496144     
   79.000000000000000        1.0901055195046776     
   79.750000000000000        1.0931254537597408     
   80.500000000000000        1.0961453880148040     
   81.250000000000000        1.0991653222698672     
   82.000000000000000        1.1021852565249304     
   82.750000000000000        1.1044899566089623     
   83.500000000000000        1.1066158481502368     
   84.250000000000000        1.1087417396915111     
   85.000000000000000        1.1108676312327854     
   85.750000000000000        1.1129935227740597     
   86.500000000000000        1.1151194143153340     
   87.250000000000000        1.1172453058566083     
   88.000000000000000        1.1193711973978826     
   88.750000000000000        1.1212503362860822     
   89.500000000000000        1.1226359698681321     
   90.250000000000000        1.1240216034501822     
   91.000000000000000        1.1254072370322321     
   91.750000000000000        1.1267928706142820     
   92.500000000000000        1.1281785041963321     
   93.250000000000000        1.1295641377783820     
   94.000000000000000        1.1309497713604320     
   94.750000000000000        1.1323354049424819     
   95.500000000000000        1.1329286547987467     
   96.250000000000000        1.1333999994664294     
   97.000000000000000        1.1338713441341119     
   97.750000000000000        1.1343426888017945     
   98.500000000000000        1.1348140334694770     
   99.250000000000000        1.1352853781371597     
   100.00000000000000        1.1357567228048422     
