   25.000000000000000       0.21010033644558551     
   25.750000000000000       0.22664536529994472     
   26.500000000000000       0.24319039415430396     
   27.250000000000000       0.25973542300866315     
   28.000000000000000       0.27628045186302241     
   28.750000000000000       0.29282548071738163     
   29.500000000000000       0.30937050957174084     
   30.250000000000000       0.32591553842610005     
   31.000000000000000       0.34246056728045926     
   31.750000000000000       0.35868885288487989     
   32.500000000000000       0.37463998814560429     
   33.250000000000000       0.39059112340632862     
   34.000000000000000       0.40654225866705296     
   34.750000000000000       0.42249339392777735     
   35.500000000000000       0.43844452918850169     
   36.250000000000000       0.45439566444922608     
   37.000000000000000       0.47034679970995041     
   37.750000000000000       0.48609559003928915     
   38.500000000000000       0.49901155132922959     
   39.250000000000000       0.51192751261917002     
   40.000000000000000       0.52484347390911035     
   40.750000000000000       0.53775943519905078     
   41.500000000000000       0.55067539648899122     
   42.250000000000000       0.56359135777893155     
   43.000000000000000       0.57650731906887198     
   43.750000000000000       0.58942328035881242     
   44.500000000000000       0.60084099779577660     
   45.250000000000000       0.61125988599742354     
   46.000000000000000       0.62167877419907036     
   46.750000000000000       0.63209766240071730     
   47.500000000000000       0.64251655060236412     
   48.250000000000000       0.65293543880401106     
   49.000000000000000       0.66335432700565788     
   49.750000000000000       0.67377321520730482     
   50.500000000000000       0.68377449533632362     
   51.250000000000000       0.69106132299326040     
   52.000000000000000       0.69834815065019717     
   52.750000000000000       0.70563497830713384     
   53.500000000000000       0.71292180596407062     
   54.250000000000000       0.72020863362100740     
   55.000000000000000       0.72749546127794407     
   55.750000000000000       0.73478228893488085     
   56.500000000000000       0.74206911659181751     
   57.250000000000000       0.74917361880020372     
   58.000000000000000       0.75618695828431459     
   58.750000000000000       0.76320029776842546     
   59.500000000000000       0.77021363725253633     
   60.250000000000000       0.77722697673664720     
   61.000000000000000       0.78424031622075807     
   61.750000000000000       0.79125365570486894     
   62.500000000000000       0.79826699518897981     
   63.250000000000000       0.80506528150958012     
   64.000000000000000       0.81100335517613809     
   64.750000000000000       0.81694142884269616     
   65.500000000000000       0.82287950250925412     
   66.250000000000000       0.82881757617581209     
   67.000000000000000       0.83475564984237005     
   67.750000000000000       0.84069372350892813     
   68.500000000000000       0.84663179717548609     
   69.250000000000000       0.85256987084204405     
   70.000000000000000       0.85721056462703227     
   70.750000000000000       0.86137948390963137     
   71.500000000000000       0.86554840319223048     
   72.250000000000000       0.86971732247482969     
   73.000000000000000       0.87388624175742879     
   73.750000000000000       0.87805516104002790     
   74.500000000000000       0.88222408032262711     
   75.250000000000000       0.88639299960522622     
   76.000000000000000       0.89024204744280366     
   76.750000000000000       0.89321144880657144     
   77.500000000000000       0.89618085017033922     
   78.250000000000000       0.89915025153410699     
   79.000000000000000       0.90211965289787477     
   79.750000000000000       0.90508905426164254     
   80.500000000000000       0.90805845562541032     
   81.250000000000000       0.91102785698917821     
   82.000000000000000       0.91399725835294598     
   82.750000000000000       0.91711294552196820     
   83.500000000000000       0.92026520414230417     
   84.250000000000000       0.92341746276264014     
   85.000000000000000       0.92656972138297611     
   85.750000000000000       0.92972198000331208     
   86.500000000000000       0.93287423862364804     
   87.250000000000000       0.93602649724398401     
   88.000000000000000       0.93917875586431998     
   88.750000000000000       0.94195176222524535     
   89.500000000000000       0.94396626406734940     
   90.250000000000000       0.94598076590945357     
   91.000000000000000       0.94799526775155774     
   91.750000000000000       0.95000976959366190     
   92.500000000000000       0.95202427143576607     
   93.250000000000000       0.95403877327787023     
   94.000000000000000       0.95605327511997440     
   94.750000000000000       0.95806777696207845     
   95.500000000000000       0.95933689588477256     
   96.250000000000000       0.96049134051217278     
   97.000000000000000       0.96164578513957299     
   97.750000000000000       0.96280022976697321     
   98.500000000000000       0.96395467439437332     
   99.250000000000000       0.96510911902177354     
   100.00000000000000       0.96626356364917376     
