   25.000000000000000        14.728665516832052     
   25.750000000000000        15.318904428535332     
   26.500000000000000        15.854529219312390     
   27.250000000000000        16.390154010089450     
   28.000000000000000        16.925778800866510     
   28.750000000000000        17.461403591643570     
   29.500000000000000        17.993394530392127     
   30.250000000000000        18.474511540741680     
   31.000000000000000        18.843555614092860     
   31.750000000000000        19.204594477658443     
   32.500000000000000        19.565633341224029     
   33.250000000000000        19.926672204789611     
   34.000000000000000        20.287711068355193     
   34.750000000000000        20.630939012815549     
   35.500000000000000        20.917013645956896     
   36.250000000000000        21.149961934530580     
   37.000000000000000        21.382910223104268     
   37.750000000000000        21.615858511677953     
   38.500000000000000        21.848806800251641     
   39.250000000000000        22.081755088825325     
   40.000000000000000        22.286184127882816     
   40.750000000000000        22.447840402711758     
   41.500000000000000        22.589138005120617     
   42.250000000000000        22.730435607529472     
   43.000000000000000        22.871733209938334     
   43.750000000000000        23.013030812347189     
   44.500000000000000        23.154328414756051     
   45.250000000000000        23.265189112726773     
   46.000000000000000        23.351688269209443     
   46.750000000000000        23.430187222581758     
   47.500000000000000        23.508686175954072     
   48.250000000000000        23.587185129326386     
   49.000000000000000        23.665684082698700     
   49.750000000000000        23.744183036071014     
   50.500000000000000        23.806811618225673     
   51.250000000000000        23.863818007611162     
   52.000000000000000        23.919667816197652     
   52.750000000000000        23.975517624784146     
   53.500000000000000        24.031367433370637     
   54.250000000000000        24.086994906478619     
   55.000000000000000        24.139907992059925     
   55.750000000000000        24.167270439064410     
   56.500000000000000        24.194632886068895     
   57.250000000000000        24.221995333073380     
   58.000000000000000        24.249357780077865     
   58.750000000000000        24.276720227082350     
   59.500000000000000        24.303950489801558     
   60.250000000000000        24.324812919056313     
   61.000000000000000        24.328709066460586     
   61.750000000000000        24.332605213864859     
   62.500000000000000        24.336501361269136     
   63.250000000000000        24.340397508673405     
   64.000000000000000        24.344293656077681     
   64.750000000000000        24.346503201123429     
   65.500000000000000        24.343536839267951     
   66.250000000000000        24.335940185608038     
   67.000000000000000        24.328343531948128     
   67.750000000000000        24.320746878288215     
   68.500000000000000        24.313150224628306     
   69.250000000000000        24.305553570968392     
   70.000000000000000        24.296933533402910     
   70.750000000000000        24.286295212790094     
   71.500000000000000        24.274775673641809     
   72.250000000000000        24.263256134493524     
   73.000000000000000        24.251736595345239     
   73.750000000000000        24.240217056196954     
   74.500000000000000        24.228697517048666     
   75.250000000000000        24.210583952628955     
   76.000000000000000        24.186063638477130     
   76.750000000000000        24.160557670520362     
   77.500000000000000        24.135051702563597     
   78.250000000000000        24.109545734606833     
   79.000000000000000        24.084039766650065     
   79.750000000000000        24.058857296496452     
   80.500000000000000        24.035042055106292     
   81.250000000000000        24.012252139428060     
   82.000000000000000        23.989462223749829     
   82.750000000000000        23.966672308071594     
   83.500000000000000        23.943882392393359     
   84.250000000000000        23.921092476715121     
   85.000000000000000        23.895933056511435     
   85.750000000000000        23.866465792506780     
   86.500000000000000        23.834926164216963     
   87.250000000000000        23.803386535927146     
   88.000000000000000        23.771846907637329     
   88.750000000000000        23.740307279347508     
   89.500000000000000        23.708767651057691     
   90.250000000000000        23.675326746808270     
   91.000000000000000        23.640091231371084     
   91.750000000000000        23.604253322926620     
   92.500000000000000        23.568415414482160     
   93.250000000000000        23.532577506037700     
   94.000000000000000        23.496739597593237     
   94.750000000000000        23.460901689148777     
   95.500000000000000        23.417644036600628     
   96.250000000000000        23.371708900193152     
   97.000000000000000        23.325362489868972     
   97.750000000000000        23.279016079544792     
   98.500000000000000        23.232669669220613     
   99.250000000000000        23.186323258896433     
   100.00000000000000        23.139976848572253     
