   25.000000000000000        21.016037149675419     
   25.750000000000000        21.832464286285898     
   26.500000000000000        22.619089666987268     
   27.250000000000000        23.405715047688641     
   28.000000000000000        24.192340428390015     
   28.750000000000000        24.978965809091388     
   29.500000000000000        25.764175259536589     
   30.250000000000000        26.529561686395397     
   31.000000000000000        27.263809124777453     
   31.750000000000000        27.995832349696887     
   32.500000000000000        28.727855574616321     
   33.250000000000000        29.459878799535751     
   34.000000000000000        30.191902024455185     
   34.750000000000000        30.898363701258170     
   35.500000000000000        31.519516229182795     
   36.250000000000000        32.043071961979642     
   37.000000000000000        32.566627694776486     
   37.750000000000000        33.090183427573336     
   38.500000000000000        33.613739160370187     
   39.250000000000000        34.137294893167038     
   40.000000000000000        34.555632565677712     
   40.750000000000000        34.847380625303252     
   41.500000000000000        35.126447882669822     
   42.250000000000000        35.405515140036393     
   43.000000000000000        35.684582397402956     
   43.750000000000000        35.963649654769519     
   44.500000000000000        36.242716912136082     
   45.250000000000000        36.494886171300855     
   46.000000000000000        36.724960674744956     
   46.750000000000000        36.947470141146766     
   47.500000000000000        37.169979607548576     
   48.250000000000000        37.392489073950387     
   49.000000000000000        37.614998540352197     
   49.750000000000000        37.836925868444297     
   50.500000000000000        37.995825584826470     
   51.250000000000000        38.145028745560957     
   52.000000000000000        38.294231906295444     
   52.750000000000000        38.443435067029938     
   53.500000000000000        38.592638227764432     
   54.250000000000000        38.741841388498919     
   55.000000000000000        38.891346314614466     
   55.750000000000000        39.045075956064856     
   56.500000000000000        39.199867607295772     
   57.250000000000000        39.354735116368161     
   58.000000000000000        39.509602625440550     
   58.750000000000000        39.664470134512939     
   59.500000000000000        39.817935641955231     
   60.250000000000000        39.963986509254191     
   61.000000000000000        40.095430372883150     
   61.750000000000000        40.226874236512110     
   62.500000000000000        40.358318100141062     
   63.250000000000000        40.489761963770022     
   64.000000000000000        40.621205827398974     
   64.750000000000000        40.752649691027933     
   65.500000000000000        40.888568720531367     
   66.250000000000000        41.030018172111163     
   67.000000000000000        41.172299517273444     
   67.750000000000000        41.314580862435726     
   68.500000000000000        41.456862207598000     
   69.250000000000000        41.599143552760275     
   70.000000000000000        41.732079120457513     
   70.750000000000000        41.853503531776447     
   71.500000000000000        41.970340587089360     
   72.250000000000000        42.087177642402274     
   73.000000000000000        42.204014697715195     
   73.750000000000000        42.320851753028109     
   74.500000000000000        42.437688808341015     
   75.250000000000000        42.539017230089875     
   76.000000000000000        42.630845776860745     
   76.750000000000000        42.721212804404232     
   77.500000000000000        42.811579831947711     
   78.250000000000000        42.901946859491197     
   79.000000000000000        42.992313887034683     
   79.750000000000000        43.079987413699335     
   80.500000000000000        43.154988805710843     
   81.250000000000000        43.203416361794005     
   82.000000000000000        43.251843917877167     
   82.750000000000000        43.300271473960322     
   83.500000000000000        43.348699030043484     
   84.250000000000000        43.397033671290295     
   85.000000000000000        43.435756502368321     
   85.750000000000000        43.460183568915873     
   86.500000000000000        43.484610635463426     
   87.250000000000000        43.509037702010971     
   88.000000000000000        43.533464768558531     
   88.750000000000000        43.557891835106084     
   89.500000000000000        43.582318901653636     
   90.250000000000000        43.616019541145242     
   91.000000000000000        43.659195390608708     
   91.750000000000000        43.706134472082653     
   92.500000000000000        43.753073553556604     
   93.250000000000000        43.800012635030541     
   94.000000000000000        43.846951716504485     
   94.750000000000000        43.881500012216193     
   95.500000000000000        43.873943035890697     
   96.250000000000000        43.856081005587370     
   97.000000000000000        43.838218975284043     
   97.750000000000000        43.820356944980716     
   98.500000000000000        43.802494914677389     
   99.250000000000000        43.787517896693359     
   100.00000000000000        43.791293458784772     
