   25.000000000000000        21.181113394526264     
   25.750000000000000        21.940621850138353     
   26.500000000000000        22.688547113262121     
   27.250000000000000        23.436472376385890     
   28.000000000000000        24.184397639509655     
   28.750000000000000        24.932322902633423     
   29.500000000000000        25.666480578582039     
   30.250000000000000        26.207892034078537     
   31.000000000000000        26.652210897119282     
   31.750000000000000        27.089594574984620     
   32.500000000000000        27.526978252849958     
   33.250000000000000        27.964361930715292     
   34.000000000000000        28.401745608580629     
   34.750000000000000        28.846635132613610     
   35.500000000000000        29.314787170329666     
   36.250000000000000        29.799978546739020     
   37.000000000000000        30.285169923148377     
   37.750000000000000        30.770361299557738     
   38.500000000000000        31.255552675967095     
   39.250000000000000        31.738967006004717     
   40.000000000000000        32.192190138424671     
   40.750000000000000        32.612262985088613     
   41.500000000000000        33.032335831752562     
   42.250000000000000        33.452408678416496     
   43.000000000000000        33.872481525080438     
   43.750000000000000        34.292554371744380     
   44.500000000000000        34.710551284322506     
   45.250000000000000        35.052852604539318     
   46.000000000000000        35.357565620336203     
   46.750000000000000        35.662278636133081     
   47.500000000000000        35.966991651929966     
   48.250000000000000        36.271704667726844     
   49.000000000000000        36.576417683523729     
   49.750000000000000        36.850818180645980     
   50.500000000000000        37.052740037654999     
   51.250000000000000        37.243511334646598     
   52.000000000000000        37.434282631638190     
   52.750000000000000        37.625053928629789     
   53.500000000000000        37.815825225621388     
   54.250000000000000        38.006140568670666     
   55.000000000000000        38.193670399991902     
   55.750000000000000        38.367736487890092     
   56.500000000000000        38.541802575788275     
   57.250000000000000        38.715868663686457     
   58.000000000000000        38.889934751584640     
   58.750000000000000        39.064000839482830     
   59.500000000000000        39.236927302888574     
   60.250000000000000        39.406125424200781     
   61.000000000000000        39.569771555787099     
   61.750000000000000        39.733417687373411     
   62.500000000000000        39.897063818959730     
   63.250000000000000        40.060709950546055     
   64.000000000000000        40.224356082132374     
   64.750000000000000        40.385665662436281     
   65.500000000000000        40.498443955743880     
   66.250000000000000        40.557538150604195     
   67.000000000000000        40.616632345464502     
   67.750000000000000        40.675726540324810     
   68.500000000000000        40.734820735185124     
   69.250000000000000        40.793914930045432     
   70.000000000000000        40.859119261146766     
   70.750000000000000        40.938895505890962     
   71.500000000000000        41.025193940426462     
   72.250000000000000        41.111492374961962     
   73.000000000000000        41.197790809497469     
   73.750000000000000        41.284089244032977     
   74.500000000000000        41.370387678568477     
   75.250000000000000        41.428504458402720     
   76.000000000000000        41.477927121784539     
   76.750000000000000        41.526012228789064     
   77.500000000000000        41.574097335793581     
   78.250000000000000        41.622182442798113     
   79.000000000000000        41.670267549802631     
   79.750000000000000        41.720725549095057     
   80.500000000000000        41.780914259747334     
   81.250000000000000        41.844450961315076     
   82.000000000000000        41.907987662882825     
   82.750000000000000        41.971524364450566     
   83.500000000000000        42.035061066018308     
   84.250000000000000        42.098597767586057     
   85.000000000000000        42.145810843150414     
   85.750000000000000        42.164810626108874     
   86.500000000000000        42.173558811665117     
   87.250000000000000        42.182306997221360     
   88.000000000000000        42.191055182777610     
   88.750000000000000        42.199803368333846     
   89.500000000000000        42.208551553890089     
   90.250000000000000        42.221938961799026     
   91.000000000000000        42.240207865917398     
   91.750000000000000        42.260520977244497     
   92.500000000000000        42.280834088571595     
   93.250000000000000        42.301147199898686     
   94.000000000000000        42.321460311225778     
   94.750000000000000        42.341773422552869     
   95.500000000000000        42.371747401955240     
   96.250000000000000        42.404912170122508     
   97.000000000000000        42.438464724162820     
   97.750000000000000        42.472017278203133     
   98.500000000000000        42.505569832243438     
   99.250000000000000        42.537682497820306     
   100.00000000000000        42.560435888384809     
