   25.000000000000000        27.464582741717507     
   25.750000000000000        28.384273628647090     
   26.500000000000000        29.240241246178414     
   27.250000000000000        30.096208863709744     
   28.000000000000000        30.952176481241072     
   28.750000000000000        31.808144098772399     
   29.500000000000000        32.663251409775881     
   30.250000000000000        33.506314429389569     
   31.000000000000000        34.251221011853467     
   31.750000000000000        34.989116420235241     
   32.500000000000000        35.727011828617016     
   33.250000000000000        36.464907236998783     
   34.000000000000000        37.202802645380558     
   34.750000000000000        37.920392713845814     
   35.500000000000000        38.570215710533098     
   36.250000000000000        39.142510691671262     
   37.000000000000000        39.714805672809426     
   37.750000000000000        40.287100653947597     
   38.500000000000000        40.859395635085768     
   39.250000000000000        41.427390841418543     
   40.000000000000000        41.897706725261536     
   40.750000000000000        42.259665116586994     
   41.500000000000000        42.621623507912460     
   42.250000000000000        42.983581899237919     
   43.000000000000000        43.345540290563378     
   43.750000000000000        43.707498681888843     
   44.500000000000000        44.069457073214302     
   45.250000000000000        44.404136984275809     
   46.000000000000000        44.720555744817560     
   46.750000000000000        45.032930333769983     
   47.500000000000000        45.345304922722420     
   48.250000000000000        45.657679511674850     
   49.000000000000000        45.970054100627280     
   49.750000000000000        46.282428689579710     
   50.500000000000000        46.572374706397866     
   51.250000000000000        46.853647345312581     
   52.000000000000000        47.133020773920272     
   52.750000000000000        47.412394202527949     
   53.500000000000000        47.691767631135633     
   54.250000000000000        47.969397970206678     
   55.000000000000000        48.236324788811174     
   55.750000000000000        48.451015334936123     
   56.500000000000000        48.665705881061086     
   57.250000000000000        48.880396427186042     
   58.000000000000000        49.095086973310998     
   58.750000000000000        49.309777519435954     
   59.500000000000000        49.524468065560910     
   60.250000000000000        49.749027386056341     
   61.000000000000000        50.000817065798749     
   61.750000000000000        50.253199738774505     
   62.500000000000000        50.505582411750254     
   63.250000000000000        50.757965084726003     
   64.000000000000000        51.010347757701759     
   64.750000000000000        51.248099025904700     
   65.500000000000000        51.468881979632300     
   66.250000000000000        51.681420310929262     
   67.000000000000000        51.893958642226224     
   67.750000000000000        52.106496973523178     
   68.500000000000000        52.319035304820140     
   69.250000000000000        52.531573636117095     
   70.000000000000000        52.725606001946979     
   70.750000000000000        52.864914484930367     
   71.500000000000000        52.979174272173907     
   72.250000000000000        53.093434059417440     
   73.000000000000000        53.207693846660973     
   73.750000000000000        53.321953633904506     
   74.500000000000000        53.436213421148040     
   75.250000000000000        53.553720159514590     
   76.000000000000000        53.673722589123749     
   76.750000000000000        53.794108971231772     
   77.500000000000000        53.914495353339795     
   78.250000000000000        54.034881735447811     
   79.000000000000000        54.155268117555835     
   79.750000000000000        54.272721099259719     
   80.500000000000000        54.377623724672219     
   81.250000000000000        54.471091784636684     
   82.000000000000000        54.564559844601142     
   82.750000000000000        54.658027904565607     
   83.500000000000000        54.751495964530065     
   84.250000000000000        54.844964024494530     
   85.000000000000000        54.912585084407681     
   85.750000000000000        54.933012536774861     
   86.500000000000000        54.930276443602239     
   87.250000000000000        54.927540350429616     
   88.000000000000000        54.924804257256994     
   88.750000000000000        54.922068164084379     
   89.500000000000000        54.919332070911757     
   90.250000000000000        54.920229306308670     
   91.000000000000000        54.927668545634802     
   91.750000000000000        54.939816110541329     
   92.500000000000000        54.951963675447864     
   93.250000000000000        54.964111240354391     
   94.000000000000000        54.976258805260933     
   94.750000000000000        54.988406370167453     
   95.500000000000000        54.989439229883807     
   96.250000000000000        54.984726274868891     
   97.000000000000000        54.978529750637115     
   97.750000000000000        54.972333226405333     
   98.500000000000000        54.966136702173550     
   99.250000000000000        54.960199871327504     
   100.00000000000000        54.955951047488746     
