   25.000000000000000        30.262579208853388     
   25.750000000000000        31.361009141082839     
   26.500000000000000        32.457269258510550     
   27.250000000000000        33.553039735513011     
   28.000000000000000        34.648810212515471     
   28.750000000000000        35.744580689517932     
   29.500000000000000        36.839499051857331     
   30.250000000000000        37.922487808913893     
   31.000000000000000        38.793808277308230     
   31.750000000000000        39.650009582226687     
   32.500000000000000        40.506210887145144     
   33.250000000000000        41.362412192063601     
   34.000000000000000        42.218613496982066     
   34.750000000000000        43.004999312122941     
   35.500000000000000        43.583232182676241     
   36.250000000000000        44.056422793184758     
   37.000000000000000        44.529613403693276     
   37.750000000000000        45.002804014201793     
   38.500000000000000        45.475994624710303     
   39.250000000000000        45.949185235218820     
   40.000000000000000        46.398767469992478     
   40.750000000000000        46.817421316948959     
   41.500000000000000        47.228180389950772     
   42.250000000000000        47.638939462952585     
   43.000000000000000        48.049698535954406     
   43.750000000000000        48.460457608956219     
   44.500000000000000        48.871216681958025     
   45.250000000000000        49.282740936399520     
   46.000000000000000        49.695157700109156     
   46.750000000000000        50.108020642548553     
   47.500000000000000        50.520883584987942     
   48.250000000000000        50.933746527427338     
   49.000000000000000        51.346609469866735     
   49.750000000000000        51.759472412306131     
   50.500000000000000        52.034768745703232     
   51.250000000000000        52.245469344012754     
   52.000000000000000        52.440376618180913     
   52.750000000000000        52.635283892349065     
   53.500000000000000        52.830191166517224     
   54.250000000000000        53.025098440685383     
   55.000000000000000        53.219410697993219     
   55.750000000000000        53.405392719256646     
   56.500000000000000        53.588495838161556     
   57.250000000000000        53.771393321183709     
   58.000000000000000        53.954290804205868     
   58.750000000000000        54.137188287228028     
   59.500000000000000        54.320085770250181     
   60.250000000000000        54.523771970030417     
   61.000000000000000        54.790317847732965     
   61.750000000000000        55.093853319879763     
   62.500000000000000        55.397388792026568     
   63.250000000000000        55.700924264173381     
   64.000000000000000        56.004459736320186     
   64.750000000000000        56.305824064930853     
   65.500000000000000        56.599770664124783     
   66.250000000000000        56.886894062869963     
   67.000000000000000        57.174017461615151     
   67.750000000000000        57.461140860360331     
   68.500000000000000        57.748264259105525     
   69.250000000000000        58.035387657850706     
   70.000000000000000        58.218538752567852     
   70.750000000000000        58.372324898050010     
   71.500000000000000        58.524425106918166     
   72.250000000000000        58.676525315786328     
   73.000000000000000        58.828625524654491     
   73.750000000000000        58.980725733522661     
   74.500000000000000        59.132825942390816     
   75.250000000000000        59.279946365600644     
   76.000000000000000        59.379058510883375     
   76.750000000000000        59.470784767254251     
   77.500000000000000        59.562511023625127     
   78.250000000000000        59.654237279996003     
   79.000000000000000        59.745963536366880     
   79.750000000000000        59.836682073946989     
   80.500000000000000        59.920257329535197     
   81.250000000000000        59.960258889519942     
   82.000000000000000        60.000260449504673     
   82.750000000000000        60.040262009489403     
   83.500000000000000        60.080263569474148     
   84.250000000000000        60.120265129458879     
   85.000000000000000        60.171204205212092     
   85.750000000000000        60.238922506448411     
   86.500000000000000        60.307666425218279     
   87.250000000000000        60.376410343988148     
   88.000000000000000        60.445154262758031     
   88.750000000000000        60.513898181527900     
   89.500000000000000        60.582642100297768     
   90.250000000000000        60.660684396687920     
   91.000000000000000        60.753319917802351     
   91.750000000000000        60.855548931843373     
   92.500000000000000        60.957777945884409     
   93.250000000000000        61.060006959925431     
   94.000000000000000        61.162235973966474     
   94.750000000000000        61.264464988007497     
   95.500000000000000        61.284865297695184     
   96.250000000000000        61.237345649305105     
   97.000000000000000        61.166094609920300     
   97.750000000000000        61.094843570535510     
   98.500000000000000        61.023592531150705     
   99.250000000000000        60.952440335574607     
   100.00000000000000        60.881930624755100     
