   25.000000000000000       0.30868409720388573     
   25.750000000000000       0.32883675739929774     
   26.500000000000000       0.34898941759470975     
   27.250000000000000       0.36914207779012176     
   28.000000000000000       0.38929473798553377     
   28.750000000000000       0.40944739818094578     
   29.500000000000000       0.42960005837635773     
   30.250000000000000       0.44975271857176979     
   31.000000000000000       0.46990537876718175     
   31.750000000000000       0.48738289984321292     
   32.500000000000000       0.50251967418978583     
   33.250000000000000       0.51765644853635873     
   34.000000000000000       0.53279322288293163     
   34.750000000000000       0.54792999722950442     
   35.500000000000000       0.56306677157607732     
   36.250000000000000       0.57820354592265022     
   37.000000000000000       0.59334032026922312     
   37.750000000000000       0.60816430946641298     
   38.500000000000000       0.61860930657224045     
   39.250000000000000       0.62905430367806781     
   40.000000000000000       0.63949930078389516     
   40.750000000000000       0.64994429788972252     
   41.500000000000000       0.66038929499554999     
   42.250000000000000       0.67083429210137735     
   43.000000000000000       0.68127928920720471     
   43.750000000000000       0.69172428631303207     
   44.500000000000000       0.70082548151884339     
   45.250000000000000       0.70903080879131053     
   46.000000000000000       0.71723613606377767     
   46.750000000000000       0.72544146333624482     
   47.500000000000000       0.73364679060871196     
   48.250000000000000       0.74185211788117911     
   49.000000000000000       0.75005744515364625     
   49.750000000000000       0.75826277242611340     
   50.500000000000000       0.76627605486988859     
   51.250000000000000       0.77304104592716549     
   52.000000000000000       0.77980603698444251     
   52.750000000000000       0.78657102804171952     
   53.500000000000000       0.79333601909899654     
   54.250000000000000       0.80010101015627344     
   55.000000000000000       0.80686600121355045     
   55.750000000000000       0.81363099227082747     
   56.500000000000000       0.82039598332810437     
   57.250000000000000       0.82573609358453914     
   58.000000000000000       0.83036376344055263     
   58.750000000000000       0.83499143329656622     
   59.500000000000000       0.83961910315257982     
   60.250000000000000       0.84424677300859330     
   61.000000000000000       0.84887444286460689     
   61.750000000000000       0.85350211272062049     
   62.500000000000000       0.85812978257663397     
   63.250000000000000       0.86264637448098302     
   64.000000000000000       0.86671865457867414     
   64.750000000000000       0.87079093467636515     
   65.500000000000000       0.87486321477405626     
   66.250000000000000       0.87893549487174738     
   67.000000000000000       0.88300777496943839     
   67.750000000000000       0.88708005506712950     
   68.500000000000000       0.89115233516482051     
   69.250000000000000       0.89522461526251162     
   70.000000000000000       0.89796333982264931     
   70.750000000000000       0.90021713509640411     
   71.500000000000000       0.90247093037015880     
   72.250000000000000       0.90472472564391349     
   73.000000000000000       0.90697852091766828     
   73.750000000000000       0.90923231619142297     
   74.500000000000000       0.91148611146517777     
   75.250000000000000       0.91373990673893246     
   76.000000000000000       0.91606091606151852     
   76.750000000000000       0.91856676401839055     
   77.500000000000000       0.92107261197526269     
   78.250000000000000       0.92357845993213472     
   79.000000000000000       0.92608430788900686     
   79.750000000000000       0.92859015584587890     
   80.500000000000000       0.93109600380275093     
   81.250000000000000       0.93360185175962307     
   82.000000000000000       0.93610769971649510     
   82.750000000000000       0.93732498503454253     
   83.500000000000000       0.93822012969288360     
   84.250000000000000       0.93911527435122477     
   85.000000000000000       0.94001041900956595     
   85.750000000000000       0.94090556366790712     
   86.500000000000000       0.94180070832624829     
   87.250000000000000       0.94269585298458936     
   88.000000000000000       0.94359099764293053     
   88.750000000000000       0.94449226089818794     
   89.500000000000000       0.94540576134727794     
   90.250000000000000       0.94631926179636794     
   91.000000000000000       0.94723276224545794     
   91.750000000000000       0.94814626269454794     
   92.500000000000000       0.94905976314363794     
   93.250000000000000       0.94997326359272793     
   94.000000000000000       0.95088676404181793     
   94.750000000000000       0.95180026449090804     
   95.500000000000000       0.95248148092768792     
   96.250000000000000       0.95312696136257413     
   97.000000000000000       0.95377244179746024     
   97.750000000000000       0.95441792223234634     
   98.500000000000000       0.95506340266723255     
   99.250000000000000       0.95570888310211866     
   100.00000000000000       0.95635436353700476     
